  -6.7228504E-02
  -6.7228504E-02
  -6.7228504E-02
  -6.7228504E-02
  -6.7228504E-02
  -6.7228504E-02
  -6.7228504E-02
  -0.2117525    
  -8.8904105E-02
  -0.1345098    
  -1.4045458E-02
   0.2800000    
  -8.4523847E-03
   0.1681025    
   1.9723767E-02
   0.1432020    
   0.3023129    
   9.3917072E-02
   1.5982522E-02
   0.2199375    
   9.1990501E-02
   0.1682566    
  -0.2166286    
  -0.2000000    
  -0.5162367    
  -0.1296832    
  -0.3774093    
  -0.7042030    
  -0.1408738    
  -0.8341270    
  -0.8276470    
  -0.5746790    
  -0.9758825    
  -0.7285216    
  -0.9507693    
  -0.8357692    
  -0.5848147    
   -1.216420    
  -0.2796552    
  -0.7945057    
   0.7709091    
   8.5384622E-02
   0.8086487    
   0.2030000    
   0.8825000    
   0.2990411    
   0.5984128    
   0.2391057    
   0.3540714    
   0.4322656    
   0.2168348    
   1.9852929E-02
   0.1644531    
   6.1751816E-02
  -0.3149411    
  -0.1130061    
   0.2645133    
   4.5979727E-02
  -0.1297000    
  -0.2609090    
  -0.6008930    
  -0.6469049    
  -0.4580232    
   -1.224400    
  -0.4191456    
  -0.7922222    
  -5.0393287E-02
  -0.4087500    
   9.8925099E-02
  -6.8775505E-02
   5.0466664E-02
   0.1619926    
   0.3359533    
    1.321177    
   0.4937038    
    1.191053    
   7.0619456E-02
   0.7300000    
    1.553000    
   0.7478571    
   0.8113333    
    2.088750    
   0.9925001    
    1.944286    
    1.794000    
    2.026667    
   0.6825000    
   0.6000001    
    1.243333    
   0.8025000    
  -6.7228504E-02
   1.8571427E-02
  -6.7228504E-02
  -0.1733333    
  -6.7228504E-02
  -0.6420000    
   -1.900000    
  -0.1095455    
  -0.1737037    
  -0.4405000    
   0.3861538    
   0.5847825    
  -0.6400000    
  -2.9000010E-02
   0.3382353    
    1.062400    
    1.340000    
   0.6684849    
   0.5440000    
   0.6180435    
   0.3148838    
  -0.3690909    
   0.6953571    
   0.1077981    
    1.410833    
  -0.1057018    
   0.4600000    
   0.2456311    
   0.2766666    
  -0.4926154    
  -7.4000001E-02
   0.4359375    
   0.3373485    
   7.1428581E-03
   0.3906779    
   0.4136364    
    1.077407    
  -0.1100000    
   0.7884091    
   0.3035484    
  -0.2750000    
  -1.0977441E-02
  -0.3166667    
  -0.3831193    
  -0.7253572    
  -0.7096701    
   -2.016667    
   -1.004733    
  -6.7228504E-02
  -0.8248461    
  -6.7228504E-02
  -0.9914736    
  -6.7228504E-02
  -0.8908163    
   -1.425000    
  -0.8230399    
   -1.279412    
  -0.9273685    
  -0.9925864    
  -0.5286363    
  -0.6803333    
   0.3962500    
   0.2660000    
   0.7330000    
   0.5091668    
   0.7844643    
   0.9313725    
   0.8325975    
   0.8098850    
   0.7639241    
   0.9718309    
   0.3383333    
   0.9952942    
    1.101944    
    1.214103    
   0.9275609    
    1.057895    
   0.8526191    
   0.3287500    
   0.6936365    
   0.1621053    
   0.7923809    
   0.4180000    
   0.7405469    
   0.6352112    
   0.2720720    
   0.6702779    
   0.3394916    
   0.4712223    
   0.3891772    
   7.2635129E-02
  -3.1343304E-02
  -0.3121600    
   7.9861190E-03
   1.1989795E-02
  -0.3302235    
  -0.2290103    
  -0.3608269    
  -0.6497392    
  -0.7376843    
   -1.671905    
  -0.1672093    
  -0.6766667    
  -0.3775438    
  -0.1362500    
   2.4895823E-02
  -0.2364286    
   0.1109135    
  -0.7209858    
  -0.7262070    
   -1.428750    
   -1.012917    
  -0.9588888    
  -0.3487500    
   0.1757143    
  -0.2544828    
   0.1687500    
  -0.7171428    
   0.8491464    
   0.9900000    
   0.4326168    
  -6.7228504E-02
   0.2525833    
   0.2900000    
   0.1247619    
  -0.1805263    
  -0.7072499    
  -0.5859458    
  -0.6844738    
   0.2061538    
  -0.9157144    
   0.1125490    
  -0.2342105    
  -7.9555556E-02
  -0.2760001    
  -0.3482232    
  -1.8846158E-02
  -0.2208988    
  -0.5350000    
  -0.8966073    
  -0.2073684    
  -0.2282759    
  -6.6333346E-02
  -0.1458209    
  -0.7252631    
  -0.1263636    
  -0.9894443    
  -0.2205694    
   -1.181143    
  -0.7094232    
  -0.6688888    
  -0.4661539    
  -0.4668749    
  -0.1711613    
   0.1073333    
   0.1760833    
   0.2320748    
   0.3068199    
   0.5938587    
   0.6207182    
   0.7004138    
   0.6117582    
   0.8175961    
   0.6686428    
   0.6871697    
   0.5937585    
   0.6632203    
  -7.4132204E-02
   0.3805442    
   0.1183621    
   0.2270588    
   0.2128930    
   0.2728125    
  -0.1182052    
   0.2823675    
  -0.1971931    
   4.7819536E-02
  -0.6925205    
   -1.725000    
  -0.8069863    
   -1.557273    
   -1.103158    
   -1.254545    
  -0.7653704    
   -1.040667    
  -0.8622580    
  -0.8166102    
   -1.454118    
  -0.4502239    
   -2.075714    
  -0.1838686    
   -1.343333    
    1.166364    
  -0.8533333    
   0.3320000    
  -0.3983334    
   0.3064706    
   0.8296385    
   0.8750000    
    1.148444    
   0.7288235    
   0.9814000    
   0.5659999    
   0.6777500    
   0.5082456    
   0.2009091    
   1.8181844E-03
   0.2276271    
   1.4242420E-02
   0.1577084    
  -1.9435214E-02
   0.7101870    
  -0.2221824    
  -0.2870000    
   0.1508560    
   0.2390698    
   1.2552307E-02
  -6.4210489E-02
  -0.3771553    
  -0.5341175    
  -0.2695349    
  -0.5127161    
  -0.3810292    
  -0.1716751    
  -0.5624475    
   0.2723009    
   8.1090920E-02
   0.7368965    
   0.8175001    
   0.6608696    
   0.8633334    
   0.1962204    
   0.6210346    
  -0.2920238    
   0.2596297    
   0.2283871    
   0.3415745    
   0.1976073    
   0.6400700    
   0.7074001    
    1.054545    
   0.9838460    
   0.5793548    
   0.8578572    
   0.4422727    
   0.7437682    
  -0.1010417    
    1.093714    
   0.3057861    
   0.7200000    
   0.4729411    
  -4.8235279E-02
   0.2856452    
  -9.8235294E-02
  -0.4107017    
  -6.1747000E-02
  -0.1494595    
  -0.3418713    
   1.4701996E-02
   4.2971425E-02
   0.2590322    
  -0.1381280    
   0.5627117    
   0.2630264    
  -0.1381481    
  -0.1546667    
  -0.4147059    
  -0.2876543    
  -0.6678948    
  -0.4105813    
  -0.7131349    
  -0.1329214    
  -0.2415279    
  -0.2993700    
  -0.4993221    
   -1.263333    
   -1.512000    
   -1.212727    
   -1.886000    
  -0.9705555    
   -1.213636    
  -0.9573684    
   -1.421429    
  -0.9049999    
  -0.8018518    
  -0.8987719    
  -0.9085417    
   -1.070580    
  -0.7686884    
  -0.6381819    
  -0.4519719    
  -0.5518966    
  -0.2707143    
  -0.4232060    
   0.3652343    
   0.1274595    
   0.3514348    
   0.6166667    
   0.6680796    
   0.6912903    
   5.5319048E-03
   0.2860377    
   0.2229808    
   0.3230952    
   0.1490654    
   0.2439744    
   0.2425234    
   0.5243538    
   0.4496478    
   0.7149565    
   0.3447082    
   0.1085916    
  -0.3815117    
  -0.1966129    
  -0.7567348    
  -0.3190805    
  -0.1074074    
   0.5380883    
  -0.2217333    
  -0.1372500    
  -0.3325689    
  -0.7600000    
   -1.017755    
  -0.5366666    
    1.453333    
   2.9999992E-02
   0.6366667    
  -6.7228504E-02
  -6.7228504E-02
  -0.5730612    
    1.680000    
  -0.2714286    
  -0.2666667    
   0.1229166    
  -0.2100000    
   0.2116667    
   0.9533333    
   0.6266444    
   0.8116665    
  -0.2955173    
   0.1050000    
  -0.6434782    
  -0.3533333    
   2.3333311E-02
  -0.3900000    
   0.7253846    
   0.7800000    
   0.8903571    
   0.1823121    
   0.3941333    
  -0.2218681    
  -0.6113636    
  -0.4481319    
  -0.6015999    
  -0.4489888    
  -0.6429485    
  -0.6780099    
   0.3635714    
   0.9858823    
   0.5306060    
  -0.4091667    
   0.5206060    
   0.1433333    
   0.4513334    
  -0.1393023    
   0.1550246    
   0.6786608    
   0.5441667    
   0.7971428    
   0.5460994    
    2.780000    
   0.5896153    
  -6.7228504E-02
  -0.1540678    
  -6.7228504E-02
   1.3269240E-02
   -1.510000    
  -0.8538637    
   8.3673447E-03
  -0.8576623    
  -0.7439079    
  -0.8500000    
   -1.557273    
  -0.4633334    
   -1.860000    
   -1.292500    
  -0.5221428    
   -1.365000    
  -0.5607143    
   -1.026889    
  -0.8129787    
  -0.7139999    
  -0.7968027    
  -0.6018116    
  -0.7297561    
  -0.6169829    
  -0.6542773    
  -2.2883458E-02
   0.4317647    
   0.6286667    
   0.5724528    
   0.9168422    
   0.3990124    
   0.8021052    
   6.6126764E-02
   0.1725532    
  -0.3990857    
  -0.2571187    
   3.9158415E-02
  -0.1449050    
  -0.4512499    
  -7.4497029E-02
  -0.3754053    
  -0.2746983    
  -1.8518412E-03
  -0.5727312    
   0.3097479    
  -0.4876446    
   0.5871598    
  -0.1551708    
  -3.1746095E-03
   0.5133333    
   7.3237404E-02
   0.8557534    
   0.1484138    
   0.3480460    
  -0.1536306    
  -6.4375021E-02
  -0.1832961    
  -9.3644872E-02
  -0.8909230    
   8.2920101E-03
    1.430000    
   0.3030611    
  -0.1633333    
   0.2068699    
  -0.9400000    
   0.2996364    
   5.5384621E-02
   0.3468718    
   0.5801380    
   0.6200537    
   0.4157559    
   0.2748851    
    1.297917    
   0.9242307    
   0.7838461    
   0.9484905    
   0.6859999    
    1.053556    
   0.8903702    
   0.5562500    
   0.2359375    
   0.2122826    
   6.9368415E-02
  -9.0909116E-02
  -0.4285364    
  -0.5974308    
   -1.103038    
  -0.7501504    
   -1.020389    
  -0.6853767    
  -0.6643699    
  -0.7516930    
  -0.9454667    
  -0.8197926    
   -1.323824    
  -0.8343011    
  -0.8284616    
  -0.4149058    
  -0.8290566    
  -0.3327418    
  -0.7987144    
  -6.7735076E-02
  -0.7026260    
  -0.1530863    
  -0.6303737    
  -2.6993707E-02
  -0.5871297    
  -0.1611620    
  -0.5404507    
  -0.1536364    
  -0.6352710    
  -0.4710442    
  -0.6200444    
  -0.6923033    
  -0.7117140    
  -0.7499444    
  -0.2840001    
   0.1230233    
   -1.069643    
  -0.2856452    
   -1.828750    
  -0.5102857    
   -1.528333    
   -1.055745    
  -0.7722727    
  -0.6415790    
  -0.4300001    
   -1.159375    
  -0.3822893    
   -1.415000    
  -0.7017693    
  -6.7228504E-02
   0.9600000    
  -6.7228504E-02
  -0.5900000    
   0.6500000    
    1.210000    
  -0.4100000    
   0.7667999    
  -6.4999998E-02
   5.4021742E-02
  -6.9999904E-03
   6.1111115E-02
  -4.3928564E-02
   0.1255232    
    1.006923    
   0.6886725    
   0.8187500    
   0.5244362    
   0.3223076    
   0.7842666    
   0.4434286    
   0.6795001    
   0.8157893    
    1.391000    
    1.155556    
    1.560667    
    1.667500    
    1.948333    
    2.035000    
    1.380000    
    1.328571    
    1.515000    
   0.9388888    
  -0.5433332    
   0.2100000    
   0.9778261    
   0.4353333    
   0.4650000    
  -0.4387098    
  -0.3700000    
  -0.6096227    
  -0.7557895    
  -0.1607692    
  -0.6275205    
  -0.7132466    
  -0.7498972    
  -0.9698631    
  -0.6320943    
  -0.9357746    
  -0.7795311    
  -0.7233834    
  -0.7681344    
  -0.5991999    
  -0.9022656    
  -0.7604566    
  -0.8636878    
  -0.3024343    
  -0.5914376    
  -0.3747485    
  -0.3193507    
  -0.2824175    
   8.7958183E-03
   0.1372500    
   0.2047315    
   0.2879235    
  -0.1201702    
   0.1467476    
   0.2710975    
   0.4026249    
   0.2908075    
   0.5132920    
  -0.3172309    
   0.2508148    
  -6.7228504E-02
   7.7891573E-02
  -6.7228504E-02
   0.1523853    
  -6.7228504E-02
   0.3616553    
  -6.7228504E-02
   0.4918328    
   0.5878096    
   0.3932636    
  -9.7499982E-02
  -9.5479414E-02
   0.1073880    
  -3.0115610E-02
  -4.9161676E-02
   4.3824878E-02
   0.1642647    
   0.3097074    
   0.4567059    
   0.4102300    
   0.3873885    
   0.4654348    
   0.4689143    
   0.2139090    
   8.8242419E-02
  -0.3311819    
   -1.217812    
  -0.7893102    
  -0.7231429    
   -1.062088    
  -0.2308163    
  -0.7114705    
  -0.3703509    
  -0.3701802    
  -0.7500000    
   0.2967692    
   0.1442424    
   0.4627857    
   0.3015789    
   0.4719774    
   0.2307143    
   0.4892639    
   0.3590740    
   0.4342453    
   0.5625294    
   0.7501627    
   0.7670002    
   0.1522581    
   0.1297102    
  -0.4264102    
  -0.4344828    
  -0.6895348    
   -1.008333    
  -0.6542774    
  -0.8270547    
  -0.5738612    
  -0.8835651    
  -0.8950332    
  -0.7158594    
  -0.5396994    
  -0.7643024    
  -0.3587879    
  -0.7358433    
  -0.1732520    
  -0.2306749    
   4.9636867E-02
   4.6811581E-02
   0.1961677    
   0.1600000    
   0.8182223    
   0.2645018    
   0.7026191    
   0.4696314    
   0.3133721    
   3.0370248E-03
   2.7311817E-02
  -0.1880180    
  -0.3066836    
  -8.0090873E-02
  -0.6920733    
   0.5079070    
   0.3097872    
   0.8882473    
   0.1344898    
  -0.1952174    
   9.5714279E-02
   0.2123529    
   0.1676470    
   0.2927272    
   0.2095820    
   0.6497101    
   0.7562264    
   0.9146903    
   0.5193268    
   0.6164486    
  -0.2595121    
   0.2209184    
  -0.3469565    
   2.8918920E-02
  -0.1469663    
   0.2287698    
   0.3223973    
   0.3411833    
   0.6819162    
   0.4411262    
   0.3485186    
   6.7853659E-02
   0.2507639    
  -0.2834014    
  -1.5664339E-02
  -0.2988758    
  -0.3669626    
  -7.1152084E-02
  -5.7846148E-02
  -5.5426054E-02
   0.2030151    
  -0.6832977    
   0.3130412    
   0.2269767    
   0.7584484    
   0.9171429    
   0.7542858    
   0.1650000    
   0.4347707    
  -0.6808333    
   8.9200012E-02
  -0.4566667    
  -4.5531914E-03
  -6.5034501E-02
  -0.2079673    
   -1.361333    
  -1.0781260E-02
  -1.6999960E-02
  -0.5661945    
  -0.2910000    
  -0.6683782    
  -0.5729412    
  -0.5178631    
  -0.1504762    
  -0.7513472    
   4.0582556E-02
  -0.5320106    
   0.2767470    
   4.0250000E-02
  -0.1137190    
   0.1742063    
  -0.1653814    
   0.2300000    
  -7.7201650E-02
   0.1948880    
   0.3121760    
   0.3226429    
   0.1929317    
   0.1656827    
   0.2788844    
  -0.2495523    
   0.5140463    
  -1.3216161E-04
   -1.673334    
  -0.2695751    
   0.4675000    
   0.3753659    
   0.2133333    
   0.3666667    
  -0.2709524    
   0.6292046    
  -1.7083338E-02
   4.6923086E-02
  -0.1031153    
   9.5562913E-02
  -3.4334600E-02
   5.6753263E-02
   0.1229562    
   0.2055224    
  -0.1284513    
   4.7490489E-02
  -5.8971208E-02
  -1.3556343E-02
   0.9483333    
   6.6396356E-02
   0.3000000    
   0.1806886    
  -6.7228504E-02
   0.2169143    
  -0.4150000    
  -0.4613222    
  -0.1649591    
   0.1805747    
  -0.2870870    
   0.2358823    
  -1.3431385E-02
   0.2343548    
   4.9867090E-02
  -0.1602198    
   0.1529831    
  -2.4651166E-02
  -2.1419765E-02
  -0.1854416    
   0.1702206    
   0.1495946    
   0.1794796    
  -7.0981331E-02
   0.2212595    
   0.3835714    
   0.8325756    
   0.7394544    
   0.9550769    
   0.5731148    
   0.9004917    
   0.1511494    
   0.8422583    
   0.8229032    
   0.6007340    
   0.7928571    
   0.6524074    
   0.2962687    
   4.3333340E-02
   0.2764103    
   8.4187493E-02
  -0.2271718    
  -0.7126529    
  -0.4666949    
  -0.9252222    
  -0.3690565    
  -0.6880808    
  -0.6234283    
  -0.7237399    
  -0.7700000    
   -1.316046    
   -1.027857    
   -1.625000    
   -1.098289    
   -1.232593    
  -0.7930001    
   -2.816667    
  -0.8653409    
  -0.2825000    
  -0.7751548    
  -0.9000000    
  -0.7620808    
   -1.240000    
   -1.022568    
   -1.106905    
  -0.8150000    
   -1.219231    
  -0.9265686    
  -0.6805714    
  -0.8138273    
  -0.7185292    
  -0.8043422    
  -0.6147541    
  -0.3135088    
   5.6808487E-02
  -0.2150381    
   0.2300492    
   0.2878745    
   0.3603142    
  -8.1971161E-02
   0.6472260    
   0.2594000    
   0.6543453    
   0.1896052    
   0.8799999    
   0.2657143    
  -0.2569230    
   0.1269888    
   0.2148276    
   0.2560430    
   0.4954545    
   0.2185938    
   4.7916669E-02
  -0.2606914    
   5.1826909E-02
   3.3493973E-02
  -0.2233071    
   6.0735300E-02
  -0.3539884    
  -0.3012676    
  -5.1185783E-02
   1.1919199E-02
  -0.3953298    
  -0.2955728    
  -1.0404462E-03
   5.5939384E-02
   0.1024551    
   0.4793578    
  -0.1374419    
   0.3710378    
   0.2099394    
   0.1744509    
   0.4454400    
   0.3230613    
   0.4117462    
   9.7689040E-02
   0.3292307    
  -7.9368979E-02
   0.2130910    
  -0.3072299    
  -0.3010897    
  -0.5364544    
  -0.6088888    
  -0.7100000    
  -0.7438890    
   -1.030909    
  -0.8330821    
  -0.6110435    
  -0.6892167    
  -0.5430464    
  -0.5832038    
   0.2133333    
  -0.5247028    
  -0.3461429    
  -0.1339525    
   0.2494000    
   0.2159175    
   0.3095000    
   3.1722479E-02
   0.6772465    
   0.1675720    
   9.9999765E-03
  -2.1207709E-02
  -0.2780620    
   6.2081624E-02
  -4.9333330E-02
  -0.2293779    
   1.9014597E-02
  -0.3887071    
  -0.2830188    
  -2.8535381E-02
   4.4708315E-02
  -0.1807865    
  -0.3639808    
  -9.5841579E-02
   6.5783136E-02
   5.2282102E-03
  -0.2032795    
  -0.5702912    
  -0.1735196    
  -0.6865686    
  -5.7590369E-02
  -8.3703712E-02
  -0.2924490    
   0.1949296    
   9.6725643E-02
   0.7855319    
   0.7271665    
   0.8749438    
   0.6109999    
    1.860000    
    1.042500    
   0.8422222    
   0.7591490    
   0.8971429    
   0.5889041    
   0.7840000    
   0.6746775    
   0.5950000    
  -1.2087966E-03
  -0.1550000    
  -0.5195554    
  -0.7200000    
  -0.9279310    
  -0.5408589    
  -0.9191945    
  -0.7604045    
  -0.7787670    
  -0.8303530    
  -0.6808483    
  -0.7210112    
  -0.3866666    
  -0.6698412    
   3.9166637E-02
  -2.3680041E-02
   0.2659474    
  -4.8599955E-02
   0.1036122    
   5.9349112E-02
  -9.6168555E-02
  -0.5101884    
   4.0776650E-03
  -0.6106294    
  -0.2791851    
  -0.2956667    
   -1.038333    
  -0.3982759    
  -0.4940000    
  -0.8236792    
  -0.7127273    
  -0.5693479    
  -0.6020834    
  -0.5612265    
  -2.8854989E-02
  -0.4366972    
  -0.1238760    
  -6.4291179E-02
   3.5960782E-02
  -0.1318502    
   8.1258498E-02
   0.2544887    
   0.1369136    
   0.1368932    
   0.1592593    
   0.5386508    
  -0.1883332    
   0.7009524    
   2.1046931E-02
   5.7162177E-02
   0.2009633    
   0.7865385    
   0.7785714    
   0.7511110    
   0.8444946    
   0.8383871    
   0.8384444    
   0.7777273    
   0.7311112    
   0.7128571    
   0.6451817    
   0.6553789    
   0.7664285    
   0.7215790    
   0.6307195    
   0.6501924    
   0.1674101    
    1.142073    
   3.4413811E-02
   0.7790244    
   0.1269469    
   0.1525424    
   2.2113573E-02
  -7.3230781E-02
  -0.4938728    
  -0.1824273    
  -0.1592592    
  -0.5041546    
  -0.4826796    
  -0.3022170    
  -0.6507143    
  -0.3163711    
   -1.190143    
  -0.4230884    
  -0.6545978    
  -0.1711914    
  -0.8488749    
  -0.2089527    
  -0.4804761    
   0.1776526    
  -0.2431902    
  -7.1365640E-02
  -0.3092567    
  -0.4212258    
  -0.5682819    
  -0.7927498    
   2.3576157E-02
  -0.2357143    
   9.7171023E-02
  -0.5106249    
  -7.8716226E-02
  -0.4901086    
  -5.0122447E-02
  -9.6646711E-02
   0.2367797    
   0.2332593    
   0.1863839    
   0.1846775    
   0.2214516    
   0.3197234    
   0.1485892    
  -1.8698217E-02
   0.2027362    
   0.1423369    
   0.3259192    
   8.3937859E-03
   0.3753150    
   0.2029864    
   6.8396203E-02
   0.3029915    
   -1.651333    
   0.5919318    
  -0.1778571    
   3.1212121E-02
  -0.2428000    
   4.7375880E-02
  -0.1481818    
  -0.4631931    
   0.2787539    
   0.4254128    
   0.8341964    
   4.6960764E-02
   0.4017721    
   0.1575000    
   0.5329688    
  -1.5646252E-03
   0.2113636    
   0.1949324    
   0.2914772    
   0.4350753    
   0.1333000    
   0.1404471    
   0.3786487    
   0.1607950    
   0.4091102    
   0.1838961    
   0.2988559    
  -0.3770547    
   4.0772527E-02
  -0.3929078    
  -0.2836440    
  -0.7920237    
  -0.5359309    
  -0.8633332    
  -0.4673831    
  -0.5235538    
  -6.3190549E-03
   0.4857895    
   8.1491724E-02
   0.6768571    
   0.2104673    
   0.7879710    
   0.5952980    
   0.7836781    
   0.3300000    
   5.8541652E-02
  -5.9770953E-02
   3.7254922E-02
  -9.7999938E-02
  -0.6276117    
   2.9190022E-02
  -0.9354167    
  -0.9494284    
   -1.097500    
   -1.109286    
  -0.8863199    
   -1.391667    
  -0.5802128    
   -1.080714    
  -0.4092968    
   -1.074386    
  -0.5169325    
  -0.7372729    
  -0.1428572    
  -0.5111819    
  -4.3677159E-02
  -0.3861789    
  -2.6111145E-02
  -0.1460953    
  -0.3157395    
   0.5638015    
   0.2949618    
   0.4707627    
   7.0000000E-02
   0.1304445    
   0.3381035    
  -4.3739840E-02
   0.2601807    
   0.1311628    
   0.1256421    
  -0.1075100    
  -0.3389784    
   6.5267481E-02
   0.1856287    
  -0.1466503    
  -6.1308939E-02
   0.3874590    
   0.5070102    
   0.3492754    
   3.5887070E-02
   0.1467568    
  -9.3166701E-02
  -0.1965987    
  -6.3963406E-02
  -0.5943305    
  -0.2761110    
  -0.3344694    
  -0.4965264    
  -0.4635259    
  -0.4180392    
  -0.5183042    
  -0.4787603    
  -0.7292500    
  -0.7213887    
  -0.4677233    
  -0.2460545    
  -0.6519758    
  -0.5890722    
  -0.2728473    
  -0.5903844    
  -0.1392308    
   0.1386667    
  -0.2280473    
   0.2326087    
   0.3246706    
   0.4001974    
   0.8341507    
   0.8778048    
   0.4306818    
   0.8454878    
    1.025806    
    1.510476    
   0.7272728    
   0.4353846    
   0.3168750    
   0.7266666    
   0.6140476    
   0.4587500    
   0.5226315    
   0.3540000    
   0.3279260    
   0.2933750    
   0.1289809    
   6.5111101E-02
  -0.9268420    
  -0.6665431    
   -1.320000    
  -0.8730000    
   -1.162308    
  -0.9670490    
  -0.8141177    
  -0.9307205    
  -0.5743591    
   -1.004701    
  -0.2329091    
  -0.6331859    
   2.5741922E-02
   0.2464516    
   0.1960403    
   0.6864515    
   0.6159999    
   0.5588495    
    1.298333    
   0.9489010    
    1.576666    
   0.8798852    
    1.203530    
   0.8325610    
   0.8088236    
   0.3286076    
   0.7395238    
   0.2926051    
   0.8363494    
   0.3137180    
   0.1185715    
   0.2098085    
  -0.1955555    
   0.1722745    
   0.1384932    
   0.6279844    
   0.2408527    
   0.7852499    
    1.046053    
    1.208095    
    1.090000    
    1.025435    
   0.8936111    
    1.060909    
   0.8436363    
   0.8395122    
   0.8963160    
   0.3202084    
   0.5552343    
   0.2092983    
  -0.1547368    
  -0.4380302    
  -0.7289653    
  -0.1456911    
  -0.2292593    
  -0.3144966    
  -0.2825974    
   0.1286274    
  -0.4734247    
  -0.3108964    
  -0.7136780    
   -1.215769    
   -1.003902    
   -1.343333    
  -0.7984848    
  -0.9611321    
  -0.8712819    
  -0.8735939    
  -0.6704761    
   -1.446552    
  -0.6304650    
  -0.8717856    
   0.3656411    
  -2.1052628E-03
   0.3277922    
  -0.4575000    
   0.2391861    
  -0.2081657    
  -9.2437498E-02
  -0.1563265    
  -0.1939725    
   5.9383884E-02
  -0.3414745    
  -0.1683517    
  -2.0038348E-02
   0.1416848    
   0.5280992    
  -0.1326797    
   0.2896800    
  -0.2528333    
  -4.9834706E-02
  -0.5509827    
  -8.6356588E-02
  -0.2341597    
  -0.3735163    
  -0.7684070    
  -0.3264444    
  -0.6887499    
  -0.2992056    
  -0.2919513    
  -0.3051476    
  -0.3251079    
  -0.3240558    
  -0.1480456    
  -6.1584521E-02
  -0.2743559    
  -0.8189284    
  -0.4047651    
   9.5416687E-02
   0.3413208    
   0.2493750    
   0.2509091    
   0.3507692    
  -0.1554651    
   0.1883842    
  -2.7580651E-02
   0.3550679    
   4.3609943E-02
   0.1756471    
  -0.1191342    
  -0.1179487    
   -1.122647    
  -0.8981131    
   -1.528182    
   -1.433261    
   -1.383000    
   -1.417778    
   -1.770000    
   -2.095000    
   -2.340000    
   -3.250000    
   -1.230000    
  -6.7228504E-02
  -0.4700000    
  -9.9999998E-03
   -1.177500    
  -0.8233333    
  -0.1166216    
   9.8536573E-02
  -5.9234910E-04
   5.9824560E-02
   0.1424263    
  -0.3740109    
   0.1765528    
  -9.5387474E-02
  -0.4017332    
  -0.1172563    
  -0.1384722    
   6.0037151E-02
  -0.3250616    
   0.1104244    
  -0.2297340    
  -0.1604471    
   0.1535981    
   3.7599996E-02
   0.5020121    
  -5.5551961E-02
  -0.3811112    
  -0.1525597    
   0.1052727    
   5.6176460E-03
  -0.2206896    
  -0.1205217    
  -0.1436264    
   0.2485714    
  -0.4821295    
   0.1889200    
  -0.1973188    
  -0.1589005    
   0.1300000    
  -5.6682240E-02
  -8.5000016E-02
  -0.2233219    
   0.1732258    
  -0.7037122    
  -0.6607499    
  -0.7769768    
  -0.8726087    
   -1.083143    
   -1.226000    
   -1.204634    
   -1.497857    
   -1.141667    
   -1.014000    
  -0.8574138    
  -0.9782352    
  -0.6826668    
  -0.8862963    
  -0.4073810    
  -0.5975000    
  -3.0961553E-02
  -0.2528359    
   0.3224883    
  -0.1561986    
   0.5184811    
   0.4926950    
   0.9740506    
   0.6858120    
    1.149206    
   0.6784375    
   0.8803450    
   0.5681897    
   0.6155357    
    1.103637    
   0.6396775    
   0.6786302    
   0.6502480    
   7.2000004E-02
   0.4346836    
   1.3666670E-02
   5.4047614E-02
  -0.2174166    
  -0.1383256    
  -0.8495237    
  -0.5011495    
  -0.5140000    
   0.4457746    
  -0.2488119    
   0.1200000    
  -0.3463736    
  -5.8333278E-03
  -0.1938387    
  -0.3598901    
  -0.2831370    
  -9.5443793E-02
  -9.8799989E-02
  -0.4894595    
  -0.5302632    
  -0.8981689    
  -0.6680742    
  -0.6362903    
  -0.7434424    
  -0.8621621    
  -0.9107376    
  -0.6486586    
   -1.212973    
   -1.371333    
  -0.8801315    
   -1.272857    
   -1.169535    
    2.490000    
   -1.034359    
  -0.1600000    
  -0.5485000    
   2.2142863E-02
   -1.196316    
  -0.3254770    
  -0.7928571    
  -0.5538501    
  -0.6897101    
  -0.8163252    
   -1.050714    
  -0.6176191    
   -1.541818    
  -0.7016301    
   -1.370000    
  -0.5959015    
  -0.9184847    
  -0.3524424    
  -0.7151515    
  -0.2634884    
  -0.4273016    
  -0.5839535    
  -0.5933333    
  -0.8491368    
   -1.202667    
   -1.042990    
   -1.084667    
   -1.034674    
  -0.9705263    
  -0.7359000    
  -0.9770002    
  -0.7109436    
  -0.7502778    
  -0.4078626    
  -0.8602667    
  -0.3863747    
  -0.5929349    
  -1.2565228E-02
  -0.3669370    
   3.9393943E-02
  -0.2805044    
   0.1223729    
  -0.4046368    
   0.2767870    
  -0.1516839    
   0.3264202    
   0.1533668    
   0.4090296    
   0.7148749    
   0.3569162    
   0.5278704    
   0.4204661    
   0.2726446    
   0.1289286    
   0.2696551    
   9.6382126E-02
   0.5797596    
  -0.3355483    
  -0.3540909    
   -1.037895    
   -2.300000    
  -0.9023077    
   -1.415000    
  -0.8528573    
   -1.140000    
  -0.8721818    
