    -0.620000
    -0.120000
    -0.620000
    -0.650000
    0.0500000
    -0.820000
    -0.410000
     0.360000
    -0.180000
    0.0700000
      1.10000
    -0.160000
    0.0900000
   -0.0100000
   -0.0900000
     0.830000
     0.520000
    -0.480000
     0.360000
     0.340000
     0.120000
    -0.560000
    -0.600000
    -0.900000
    -0.160000
    -0.340000
     -1.56000
     0.300000
     -1.22000
     -2.20000
    -0.460000
     -1.41000
     -1.23000
     -1.24000
     -1.44000
     0.510000
     -1.90000
    -0.260000
    -0.590000
      2.12000
      1.33000
      1.53000
      1.32000
     0.940000
     0.120000
     0.850000
     0.550000
     0.410000
      1.06000
     0.180000
    -0.750000
     0.470000
   -0.0300000
     -1.10000
     0.100000
     0.980000
      0.00000
    -0.580000
    -0.830000
     -1.30000
     -1.13000
    -0.130000
     -2.00000
    -0.460000
    -0.420000
     0.240000
     0.240000
     0.380000
     0.580000
    -0.140000
   -0.0200000
     0.970000
      2.69000
      1.12000
      1.69000
    -0.540000
      1.33000
      2.45000
      2.18000
     0.990000
      3.14000
      1.90000
      3.05000
      2.79000
      2.47000
      1.12000
      1.63000
      2.29000
      1.34000
     -3.09000
     -1.18000
    -0.590000
     -2.13000
     -1.78000
    -0.340000
      1.32000
     0.900000
    -0.280000
    -0.520000
     0.980000
      1.27000
     -1.92000
    -0.210000
     0.750000
      2.03000
      2.19000
     0.540000
      1.26000
     0.650000
    -0.110000
     -1.00000
      1.40000
     0.760000
      2.57000
    -0.550000
    -0.210000
     0.830000
     0.930000
     -1.52000
    -0.550000
      1.16000
     0.980000
    -0.100000
     0.940000
     0.770000
      1.98000
    -0.560000
      1.08000
     0.980000
     -1.00000
    -0.450000
    -0.450000
    -0.880000
     -1.44000
     -1.07000
     -3.87000
     -1.66000
     -4.34000
     -1.00000
     -1.06000
     -1.71000
     -1.70000
     -1.26000
     -1.52000
    -0.980000
     -2.22000
     -1.86000
     -1.07000
     0.110000
    -0.590000
      1.49000
      1.12000
      1.70000
     0.940000
      1.38000
      1.88000
      1.28000
      1.33000
      1.30000
      1.59000
     0.110000
      1.85000
      2.07000
      2.20000
      1.80000
      1.53000
     0.750000
    -0.720000
      1.14000
     0.700000
      1.43000
     0.790000
      1.21000
     0.970000
     0.140000
      1.26000
     0.730000
     0.560000
     0.770000
    -0.340000
    -0.840000
    -0.670000
    0.0200000
     0.430000
    -0.530000
    -0.780000
    -0.560000
     -1.39000
     -1.35000
     -2.60000
     0.480000
     0.690000
    -0.760000
    -0.260000
     0.410000
   -0.0600000
     0.290000
     -1.75000
     -2.16000
     -2.74000
     -1.44000
    -0.490000
     0.240000
      1.03000
     0.480000
     0.680000
     -2.94000
      1.63000
      1.47000
     0.260000
     -1.07000
    0.0600000
    -0.810000
     0.360000
     0.170000
     -1.80000
     -1.40000
    -0.610000
     0.880000
     -1.60000
     0.220000
     0.980000
    -0.340000
    -0.630000
    -0.700000
     0.380000
    -0.240000
     -1.52000
     -1.78000
    0.0400000
     0.390000
     0.160000
     0.160000
     -1.91000
    -0.500000
     -1.13000
    -0.430000
     -1.92000
     -1.48000
     0.460000
    -0.220000
      0.00000
     0.150000
     0.490000
     0.540000
     0.430000
     0.650000
      1.33000
      1.28000
      1.30000
     0.870000
      1.49000
      1.20000
     0.950000
     0.950000
      1.00000
    -0.560000
     0.460000
     0.450000
     0.330000
     0.450000
     0.510000
    -0.600000
     0.460000
    -0.320000
    -0.330000
     -1.47000
     -2.80000
     -1.07000
     -2.16000
     -1.68000
     -1.09000
    -0.940000
     -1.61000
     -1.33000
    -0.390000
     -2.84000
    -0.210000
     -3.20000
    0.0700000
    -0.150000
      2.49000
     0.100000
    0.0500000
      1.05000
     0.290000
      1.86000
      2.34000
      2.16000
      1.03000
      1.43000
     0.750000
     0.370000
     0.450000
    -0.300000
    -0.420000
     0.880000
     0.170000
     0.180000
   -0.0500000
      1.56000
    -0.490000
     -1.22000
     0.700000
     0.380000
    -0.280000
    -0.630000
     -1.20000
     -1.08000
    0.0500000
    -0.450000
    -0.620000
     0.200000
     -1.13000
      1.09000
     0.960000
      1.45000
      2.25000
     0.700000
     0.480000
    0.0100000
     0.850000
    -0.880000
     0.290000
     0.910000
     0.650000
     0.320000
      1.44000
      1.80000
      2.15000
      1.77000
     0.600000
      1.21000
     0.630000
     0.840000
    -0.500000
      2.15000
     0.970000
     0.820000
      1.10000
    -0.770000
   -0.0100000
     0.400000
     -1.40000
    -0.240000
     0.310000
    -0.870000
    0.0600000
     0.540000
     0.620000
    -0.260000
      1.34000
     0.750000
     -1.26000
    -0.810000
     -1.02000
    -0.520000
    -0.820000
    -0.420000
     -1.01000
    0.0700000
     0.370000
    -0.840000
     -1.19000
     -3.02000
     -2.99000
     -1.43000
     -2.55000
     -1.88000
     -2.01000
     -1.22000
     -1.70000
     -1.42000
    -0.860000
     -2.01000
     -2.00000
     -1.46000
    -0.160000
    -0.250000
    -0.110000
      0.00000
     0.100000
    -0.940000
      1.03000
     0.650000
     0.470000
      2.02000
      1.34000
   -0.0400000
    -0.510000
     0.570000
     0.720000
     0.880000
     0.340000
   -0.0100000
     0.410000
      1.31000
     0.870000
      1.38000
     0.490000
    -0.690000
     -1.43000
    -0.590000
     -1.18000
    -0.190000
     0.740000
      1.68000
    -0.450000
    -0.890000
    -0.730000
     -2.95000
     -2.10000
    -0.690000
      3.10000
     0.920000
     0.750000
     -1.61000
     -2.13000
    -0.730000
    -0.730000
   -0.0900000
     0.210000
     0.880000
     0.640000
     0.140000
      2.30000
      1.41000
     0.800000
     -1.58000
     -2.69000
    -0.910000
    -0.330000
      1.68000
    -0.280000
      1.10000
      1.15000
      1.55000
     0.240000
     0.140000
     -1.09000
     -1.76000
    -0.770000
    -0.210000
    -0.450000
     -1.10000
     -1.11000
      1.80000
      2.18000
     0.970000
    -0.220000
     0.510000
    -0.150000
     0.810000
     0.300000
   -0.0500000
      1.65000
      1.39000
      1.53000
     0.890000
      3.64000
      1.01000
     -1.01000
    -0.930000
    -0.110000
   -0.0100000
    -0.110000
     -1.76000
     0.170000
     -1.08000
     -1.84000
     -3.51000
     -3.05000
     -1.63000
     -2.29000
     -2.13000
    -0.960000
    -0.700000
    -0.830000
     -1.75000
     -1.58000
    -0.430000
    -0.880000
    -0.560000
    -0.840000
    -0.980000
    -0.710000
     0.590000
      1.43000
      1.75000
     0.810000
      1.92000
     0.290000
     0.560000
    -0.230000
    -0.320000
    -0.840000
    -0.510000
     0.450000
    -0.110000
     -1.05000
   -0.0700000
    -0.430000
    -0.560000
     0.640000
    -0.990000
     0.840000
    -0.410000
      1.02000
     0.220000
    -0.630000
      1.34000
     0.200000
      1.67000
     0.720000
    0.0900000
    -0.730000
    -0.300000
    -0.400000
    -0.150000
     -1.78000
    0.0800000
      2.63000
     0.990000
     0.890000
    0.0600000
     0.200000
     0.730000
     0.410000
     0.600000
      1.42000
      1.25000
     0.390000
     0.130000
      2.49000
      1.95000
     0.890000
      1.46000
      1.04000
      1.71000
      1.65000
     0.300000
    0.0100000
     0.220000
    0.0500000
    -0.650000
     -1.55000
     -1.30000
     -1.41000
    -0.880000
     -1.30000
    -0.770000
    -0.280000
     -1.11000
     -1.83000
     -1.14000
     -2.27000
     -1.00000
    -0.990000
    -0.130000
    -0.940000
    -0.400000
    -0.970000
     0.140000
     -1.01000
    -0.410000
    -0.630000
    0.0100000
    -0.790000
    -0.440000
    -0.600000
    -0.190000
    -0.920000
    -0.950000
     -1.02000
     -1.20000
    -0.900000
    -0.740000
     0.180000
     0.880000
     -2.27000
     -1.16000
     -2.64000
     -1.02000
     -1.84000
     -1.47000
    -0.730000
    -0.420000
     0.170000
     -2.71000
    -0.590000
     -2.49000
     -1.49000
      1.30000
      2.68000
      2.40000
      1.30000
      1.34000
     0.950000
     -1.73000
     0.980000
     0.560000
    -0.520000
    -0.830000
    0.0100000
     0.390000
     0.750000
      2.45000
      1.51000
     0.420000
     0.360000
     0.760000
      1.60000
     0.460000
     0.980000
      1.86000
      2.58000
      2.39000
      2.39000
      2.69000
      3.48000
      2.84000
      1.51000
      1.91000
      2.39000
      1.46000
      1.58000
    -0.390000
      2.07000
      1.11000
    -0.780000
     -1.42000
    -0.640000
    -0.850000
    -0.620000
    0.0400000
     -1.01000
     -1.62000
     -1.19000
     -1.57000
    -0.370000
    -0.930000
     -1.46000
    -0.930000
    -0.900000
    -0.590000
     -1.25000
     -1.19000
     -1.13000
     0.180000
    -0.290000
    -0.630000
    -0.100000
    -0.370000
     0.400000
     0.820000
     0.440000
     0.470000
    -0.690000
    -0.190000
     0.980000
      1.20000
     0.540000
      1.07000
     -1.28000
   -0.0200000
      4.07000
     0.210000
    -0.880000
     0.460000
     0.970000
     0.770000
     0.800000
     0.780000
     0.770000
     0.480000
    -0.690000
    -0.750000
     0.450000
     0.150000
    -0.280000
     0.460000
     0.550000
     0.770000
      1.20000
     0.560000
     0.340000
     0.840000
     0.810000
   -0.0200000
    -0.170000
     -1.16000
     -2.14000
     -1.46000
    -0.720000
     -1.37000
     0.120000
    -0.680000
    0.0100000
     0.110000
     -1.95000
      1.19000
     0.840000
     0.700000
     0.880000
     0.740000
     0.630000
      1.01000
     0.470000
     0.540000
      1.22000
      1.52000
      1.48000
    -0.290000
    -0.820000
     -1.36000
     -1.24000
    -0.660000
     -1.50000
    -0.920000
    -0.900000
    -0.620000
     -1.56000
     -1.65000
    -0.750000
    -0.240000
     -1.05000
    -0.160000
    -0.920000
     0.120000
     0.240000
     0.100000
     0.580000
     0.510000
    0.0100000
      1.84000
     0.750000
     0.640000
     0.910000
    0.0900000
    -0.750000
   -0.0700000
    -0.550000
    -0.880000
     0.740000
     -1.11000
     0.950000
      1.38000
      1.44000
      0.00000
     -1.15000
   -0.0900000
     0.800000
     0.740000
     0.770000
     0.240000
      1.20000
      1.74000
      1.69000
     0.410000
     0.580000
     -1.11000
    0.0600000
     0.140000
    -0.170000
   -0.0700000
     0.800000
     0.940000
     0.520000
      1.31000
     0.680000
    0.0400000
    -0.330000
     0.560000
    -0.840000
    -0.460000
    -0.390000
    -0.720000
     0.460000
     0.350000
    -0.280000
     0.630000
     -1.61000
     0.440000
      1.10000
      1.72000
      2.23000
     0.890000
    -0.500000
     0.350000
     -1.00000
    -0.350000
     0.800000
     0.210000
    -0.360000
    -0.720000
     -2.76000
     0.130000
    -0.260000
     -1.56000
    -0.900000
    -0.860000
    -0.690000
    -0.590000
     0.240000
     -1.22000
     0.340000
    -0.350000
     0.470000
     0.780000
    -0.680000
     0.300000
    -0.230000
     0.170000
     0.170000
     0.520000
     0.800000
     0.620000
   -0.0600000
    -0.120000
     0.640000
    -0.690000
      1.12000
     0.220000
     -2.44000
    -0.640000
     0.380000
      1.21000
    -0.390000
     0.640000
    -0.560000
      1.21000
     0.370000
    -0.360000
    -0.420000
   -0.0900000
      0.00000
     0.590000
     0.600000
     0.320000
    -0.560000
    -0.300000
   -0.0400000
    0.0500000
      2.81000
     0.250000
    -0.370000
     0.350000
     -1.00000
     0.230000
    -0.110000
     -1.51000
   -0.0500000
     0.950000
    -0.590000
     0.550000
     0.180000
     0.280000
     0.220000
    -0.590000
     0.200000
    0.0400000
    -0.390000
    -0.460000
     0.630000
     0.750000
     0.210000
    -0.550000
     0.390000
      1.14000
      2.01000
      1.76000
      1.24000
     0.690000
      1.37000
   -0.0800000
      1.42000
      1.74000
     0.660000
      1.14000
      1.13000
   -0.0500000
    -0.370000
     0.750000
    -0.110000
    -0.950000
     -1.71000
    -0.940000
     -1.07000
   -0.0600000
    -0.560000
     -1.34000
    -0.940000
     -1.28000
     -2.49000
     -1.54000
     -2.11000
     -1.95000
     -1.80000
    -0.740000
     -3.39000
     -1.13000
     -1.60000
     -1.33000
     -1.19000
    -0.700000
     -1.89000
     -2.02000
     -2.20000
    -0.830000
     -2.29000
     -1.07000
     -1.07000
     -1.51000
    -0.510000
    -0.800000
    -0.520000
     0.210000
     0.800000
    -0.150000
     0.300000
     0.820000
     0.700000
    -0.640000
      1.42000
     0.880000
     0.910000
     0.290000
      1.59000
     0.270000
     -1.13000
     0.220000
     0.690000
     0.530000
     0.790000
     0.220000
     -1.07000
    -0.950000
     0.300000
     0.460000
    -0.540000
    0.0800000
    -0.610000
    -0.900000
     0.130000
     0.220000
     -1.03000
    -0.820000
     0.350000
     0.430000
     0.530000
      1.33000
    -0.730000
    0.0700000
     0.800000
     0.310000
      1.06000
     0.800000
     0.210000
    -0.420000
     0.630000
    -0.320000
     0.290000
    -0.380000
     -1.03000
     -1.12000
     -1.32000
     -1.03000
    -0.640000
     -1.58000
     -1.38000
    -0.230000
    -0.730000
    -0.630000
    -0.560000
      1.13000
    -0.560000
     -1.12000
     0.160000
     0.890000
     0.660000
      1.10000
    -0.350000
     0.750000
     0.460000
    -0.430000
    -0.410000
    -0.600000
     0.260000
     0.370000
    -0.760000
    0.0200000
    -0.550000
    -0.760000
     0.540000
     0.170000
    -0.730000
    -0.860000
    0.0500000
     0.490000
     0.280000
    -0.640000
     -1.60000
    -0.220000
    -0.640000
     0.170000
     0.380000
    -0.750000
     0.750000
     0.540000
      1.58000
      1.79000
      1.67000
     0.520000
      3.06000
      2.02000
      1.14000
     0.630000
      1.68000
     0.850000
      2.45000
      1.32000
     0.470000
    -0.710000
     -1.03000
     -1.20000
    -0.520000
     -1.38000
    -0.750000
     -1.17000
     -1.44000
    -0.950000
    -0.900000
    -0.920000
    -0.830000
   -0.0200000
    -0.730000
     0.660000
     0.780000
     0.430000
    -0.380000
    -0.240000
     0.120000
    -0.230000
     -1.41000
     0.120000
    -0.720000
    -0.790000
    -0.180000
     -2.55000
    -0.470000
    -0.120000
     -1.89000
     -1.35000
    -0.180000
    -0.340000
    -0.620000
     0.570000
    -0.520000
    -0.310000
     0.410000
     0.130000
    -0.490000
     0.280000
     0.900000
     0.170000
    0.0900000
     0.180000
      1.31000
    -0.680000
      1.30000
     0.130000
    -0.810000
     0.810000
      1.63000
      1.68000
      1.38000
      1.40000
      1.51000
      1.36000
     0.910000
      1.16000
      1.10000
     0.890000
      1.06000
      1.36000
      1.26000
      1.08000
      1.05000
    0.0600000
      1.92000
     0.120000
     0.980000
     0.430000
    -0.360000
    -0.370000
    0.0500000
     -1.07000
    -0.370000
     0.100000
     -1.08000
     -1.01000
   -0.0900000
     -1.19000
    -0.450000
     -1.89000
    -0.780000
    -0.320000
    0.0300000
     -1.36000
    -0.270000
     0.150000
     0.720000
    -0.340000
    -0.560000
    -0.590000
    -0.840000
    -0.940000
     -1.50000
     0.770000
     0.350000
     0.140000
    -0.960000
    -0.530000
    -0.680000
   -0.0100000
     0.340000
     0.890000
     0.800000
   -0.0500000
    -0.250000
     0.470000
     0.790000
     0.280000
    -0.470000
     0.410000
     0.530000
     0.650000
    -0.200000
     0.610000
     0.630000
    -0.430000
     0.580000
     -2.47000
      1.15000
     0.220000
    -0.530000
     0.110000
    -0.160000
     0.110000
    -0.730000
     0.700000
      1.31000
      1.72000
    -0.410000
    -0.320000
     0.300000
      1.09000
     0.370000
    -0.110000
     0.260000
     0.530000
     0.950000
     0.270000
    -0.110000
     0.800000
     0.260000
     0.660000
     0.510000
     0.140000
     -1.30000
    -0.200000
    -0.430000
    -0.600000
     -1.46000
    -0.880000
     -1.36000
    -0.530000
    -0.130000
     0.710000
      1.78000
   -0.0100000
     0.720000
     0.530000
      1.32000
      1.29000
      1.26000
   -0.0600000
    -0.500000
    -0.520000
    0.0100000
     0.240000
     -1.34000
    0.0100000
     -1.63000
     -2.34000
     -1.37000
     -1.41000
     -1.22000
     -2.14000
    0.0100000
     -1.36000
    -0.540000
     -1.75000
    -0.900000
    -0.600000
     0.140000
    -0.220000
     0.190000
    -0.240000
    -0.330000
    -0.190000
    -0.620000
      1.52000
      1.20000
     0.650000
    -0.120000
    -0.360000
     0.670000
     0.100000
     0.440000
     0.440000
    -0.170000
    -0.550000
    -0.790000
     0.470000
     0.770000
    -0.560000
    -0.310000
      1.16000
      1.27000
     0.680000
    -0.200000
    -0.360000
    -0.350000
    -0.410000
     0.120000
     -1.36000
    -0.850000
   -0.0300000
    -0.900000
    -0.730000
    -0.240000
    -0.780000
    -0.710000
     -1.10000
     -1.35000
    -0.160000
     0.230000
     -1.26000
     -1.22000
    0.0600000
    -0.560000
    0.0500000
      1.02000
    -0.580000
     0.310000
      1.18000
     0.740000
      1.82000
      1.82000
     0.230000
      1.44000
      1.98000
      2.58000
     0.880000
     0.210000
    0.0900000
      1.42000
      1.51000
      1.75000
     0.550000
     0.130000
     0.330000
     0.670000
     0.130000
    -0.460000
     -2.16000
     -1.68000
     -1.88000
     -1.12000
     -1.48000
     -1.13000
    -0.350000
     -1.47000
    -0.430000
     -1.47000
   -0.0600000
    -0.370000
     0.270000
      1.22000
     0.540000
      1.18000
      1.27000
     0.850000
      2.78000
      1.76000
      2.16000
      1.49000
      2.10000
      1.27000
      1.27000
     0.140000
      1.13000
     0.560000
      1.16000
     0.720000
    -0.430000
    0.0700000
    -0.620000
     0.460000
      1.14000
      1.48000
     0.510000
      1.69000
      2.01000
      2.03000
      2.15000
      1.67000
      1.24000
      2.05000
      1.19000
      1.18000
      1.33000
     0.240000
     0.590000
    -0.160000
     -1.28000
     -1.46000
     -1.29000
     0.130000
     0.750000
    -0.500000
    -0.390000
     0.650000
     -1.20000
     -1.17000
     -1.13000
     -2.33000
     -1.50000
     -1.42000
    -0.950000
     -1.39000
     -1.51000
     -1.24000
    -0.480000
     -2.63000
    -0.820000
    -0.880000
      1.43000
     0.400000
     0.440000
     0.120000
    0.0600000
    -0.760000
    -0.250000
    -0.220000
    -0.450000
     0.610000
    -0.490000
    -0.650000
     0.500000
     0.580000
      1.34000
    -0.690000
     0.110000
    -0.370000
    -0.590000
    -0.900000
     0.280000
   -0.0200000
     -1.06000
     -1.60000
    -0.300000
    -0.680000
    -0.210000
   -0.0600000
    -0.540000
    -0.340000
    -0.450000
    -0.220000
     0.270000
    -0.470000
     -2.01000
    -0.600000
     0.820000
      1.28000
     0.780000
     0.400000
     0.520000
    -0.710000
    0.0800000
     0.400000
     0.870000
   -0.0300000
    0.0500000
    -0.460000
    -0.650000
     -2.49000
     -1.92000
     -2.66000
     -2.12000
     -2.20000
     -3.17000
     -2.49000
     -3.36000
     -3.46000
     -3.25000
     -1.41000
     0.860000
    -0.580000
    -0.750000
    -0.370000
     0.910000
     0.340000
   -0.0800000
    -0.170000
   -0.0300000
     0.430000
    -0.850000
     0.390000
    0.0100000
     -1.22000
    0.0500000
     0.100000
     0.170000
    -0.610000
     0.140000
    -0.260000
    -0.550000
     0.790000
     0.200000
     0.910000
    -0.200000
     -1.39000
    -0.260000
     0.660000
      0.00000
    -0.760000
    -0.340000
     0.120000
     0.820000
     -1.28000
   -0.0900000
     0.110000
    -0.560000
      1.01000
     0.160000
    -0.850000
    -0.530000
     0.540000
     -1.54000
     -1.64000
    -0.750000
     -1.41000
     -2.03000
     -2.69000
     -1.98000
     -2.69000
     -1.84000
     -1.67000
     -1.13000
    -0.690000
   -0.0600000
    -0.670000
    -0.310000
    -0.650000
     0.130000
   -0.0300000
      1.11000
    -0.200000
      1.07000
      1.36000
      1.92000
      1.35000
      1.89000
      1.08000
      1.31000
     0.800000
     0.590000
      2.18000
      1.42000
     0.810000
     0.850000
    -0.820000
     0.520000
     0.610000
    -0.370000
    -0.620000
    -0.210000
     -1.79000
     -1.09000
   -0.0100000
      1.40000
   -0.0700000
     0.490000
    -0.710000
    -0.780000
    -0.170000
    -0.660000
    -0.390000
     0.450000
   -0.0600000
     -1.35000
     -1.55000
     -1.61000
    -0.790000
    -0.140000
     -1.07000
     -1.64000
     -1.55000
    -0.730000
     -2.03000
     -2.85000
     -1.05000
     -2.85000
     -2.06000
     0.100000
     -1.82000
    -0.680000
   -0.0100000
    0.0600000
     -2.03000
    -0.810000
    -0.730000
    -0.930000
    -0.960000
     -1.13000
     -2.29000
    -0.480000
     -2.18000
     -1.11000
     -1.73000
    -0.780000
     -1.57000
    -0.120000
    0.0700000
    -0.250000
   -0.0600000
     -1.35000
     -2.63000
     -1.17000
     -1.46000
     -1.74000
     -2.03000
     -1.70000
     -1.58000
    -0.770000
     -1.41000
    -0.510000
    -0.350000
    -0.130000
     -1.72000
    -0.840000
    -0.310000
     0.360000
    -0.110000
     0.280000
    -0.340000
      0.00000
    -0.730000
     0.820000
   -0.0200000
     0.530000
     0.910000
     0.570000
      1.60000
     0.610000
     0.330000
     0.660000
     0.260000
    -0.200000
     0.690000
     0.290000
      1.21000
     -1.09000
     -1.55000
     -2.31000
     -3.02000
    -0.950000
     -2.31000
     -1.55000
     -1.69000
     -1.24000
     -1.13000
