 -0.0672285035
 -0.0672285035
 -0.0672285035
 -0.0672285035
 -0.0672285035
 -0.0672285035
 -0.0672285035
 -0.211752534
 -0.0889041051
 -0.134509802
 -0.0140454583
  0.280000001
 -0.00845238473
  0.168102533
  0.0197237674
  0.143202007
  0.302312851
  0.0939170718
  0.0159825217
  0.219937533
  0.0919905007
  0.168256626
 -0.216628566
 -0.200000033
 -0.516236722
 -0.129683152
 -0.377409309
 -0.70420295
 -0.140873805
 -0.834127009
 -0.82764703
 -0.574678957
 -0.975882471
 -0.728521645
 -0.950769305
 -0.835769176
 -0.584814727
 -1.2164197
 -0.279655159
 -0.794505715
  0.770909131
  0.0853846222
  0.808648705
  0.202999994
  0.882499993
  0.299041063
  0.598412812
  0.239105731
  0.354071438
  0.432265639
  0.216834828
  0.0198529288
  0.164453104
  0.0617518164
 -0.314941078
 -0.113006145
  0.264513284
  0.0459797271
 -0.129700005
 -0.260908991
 -0.600892961
 -0.646904886
 -0.458023161
 -1.22440016
 -0.419145644
 -0.792222202
 -0.0503932871
 -0.408749998
  0.0989250988
 -0.0687755048
  0.0504666641
  0.16199261
  0.335953295
  1.32117653
  0.493703783
  1.19105268
  0.0706194565
  0.730000019
  1.55299997
  0.747857094
  0.811333299
  2.08874989
  0.992500067
  1.94428575
  1.79400003
  2.02666688
  0.682500005
  0.600000083
  1.24333334
  0.80250001
 -0.0672285035
  0.0185714271
 -0.0672285035
 -0.173333347
 -0.0672285035
 -0.64199996
 -1.89999998
 -0.109545469
 -0.173703685
 -0.440499961
  0.386153847
  0.584782541
 -0.640000045
 -0.0290000103
  0.338235319
  1.0624001
  1.34000003
  0.668484867
  0.54400003
  0.618043542
  0.314883769
 -0.369090945
  0.695357144
  0.107798129
  1.41083324
 -0.105701767
  0.459999979
  0.245631084
  0.276666641
 -0.492615402
 -0.074000001
  0.435937524
  0.337348461
  0.00714285811
  0.390677929
  0.413636386
  1.07740724
 -0.109999992
  0.788409054
  0.303548396
 -0.275000006
 -0.0109774405
 -0.316666692
 -0.383119285
 -0.725357175
 -0.709670126
 -2.01666665
 -1.00473273
 -0.0672285035
 -0.824846148
 -0.0672285035
 -0.991473556
 -0.0672285035
 -0.890816331
 -1.42499995
 -0.823039889
 -1.27941167
 -0.927368462
 -0.992586374
 -0.528636336
 -0.680333257
  0.39624998
  0.266000003
  0.73300004
  0.509166777
  0.7844643
  0.931372464
  0.832597494
  0.809885025
  0.763924122
  0.971830904
  0.338333309
  0.995294154
  1.10194445
  1.21410263
  0.927560925
  1.05789459
  0.852619052
  0.328750014
  0.693636477
  0.162105262
  0.792380929
  0.417999953
  0.740546882
  0.63521117
  0.272072017
  0.670277894
  0.339491576
  0.471222252
  0.389177233
  0.0726351291
 -0.0313433036
 -0.312159985
  0.00798611902
  0.0119897947
 -0.330223471
 -0.229010269
 -0.360826939
 -0.649739206
 -0.737684309
 -1.6719048
 -0.167209268
 -0.676666677
 -0.377543837
 -0.136250004
  0.0248958226
 -0.236428574
  0.110913463
 -0.72098583
 -0.726206958
 -1.42875016
 -1.01291668
 -0.958888769
 -0.348749995
  0.175714299
 -0.254482806
  0.168750003
 -0.717142761
  0.849146426
  0.99000001
  0.43261683
 -0.0672285035
  0.252583325
  0.289999992
  0.124761924
 -0.180526346
 -0.70724988
 -0.585945845
 -0.684473753
  0.20615384
 -0.915714383
  0.112549007
 -0.234210461
 -0.0795555562
 -0.276000053
 -0.348223239
 -0.0188461579
 -0.220898822
 -0.534999967
 -0.89660728
 -0.207368374
 -0.228275865
 -0.0663333461
 -0.145820946
 -0.725263059
 -0.126363635
 -0.989444315
 -0.220569357
 -1.18114281
 -0.709423244
 -0.668888807
 -0.46615389
 -0.466874868
 -0.171161264
  0.107333332
  0.176083326
  0.232074842
  0.306819916
  0.593858659
  0.620718181
  0.700413823
  0.611758232
  0.817596138
  0.668642819
  0.687169731
  0.593758523
  0.663220286
 -0.0741322041
  0.380544215
  0.118362091
  0.227058828
  0.212893024
  0.272812486
 -0.118205175
  0.282367498
 -0.197193056
  0.0478195362
 -0.692520499
 -1.72500002
 -0.806986272
 -1.55727267
 -1.10315776
 -1.25454545
 -0.765370429
 -1.04066658
 -0.862258017
 -0.816610157
 -1.45411766
 -0.450223923
 -2.07571435
 -0.183868602
 -1.34333336
  1.16636384
 -0.853333294
  0.331999987
 -0.3983334
  0.306470603
  0.829638481
  0.875
  1.14844441
  0.728823543
  0.981400013
  0.565999925
  0.677749991
  0.508245647
  0.200909123
  0.00181818439
  0.227627099
  0.01424242
  0.157708362
 -0.0194352139
  0.710187018
 -0.222182363
 -0.286999971
  0.150856018
  0.23906976
  0.012552307
 -0.0642104894
 -0.377155274
 -0.53411746
 -0.269534916
 -0.512716055
 -0.381029159
 -0.171675146
 -0.562447548
  0.272300899
  0.0810909197
  0.736896455
  0.817500055
  0.660869598
  0.863333404
  0.196220428
  0.621034563
 -0.292023778
  0.259629667
  0.228387073
  0.34157446
  0.197607309
  0.640069962
  0.707400084
  1.05454504
  0.983846009
  0.579354763
  0.857857168
  0.442272723
  0.743768215
 -0.101041675
  1.09371424
  0.305786103
  0.720000029
  0.47294113
 -0.0482352786
  0.285645187
 -0.0982352942
 -0.410701722
 -0.0617469996
 -0.149459481
 -0.341871262
  0.014701996
  0.0429714248
  0.259032249
 -0.138128042
  0.562711716
  0.263026386
 -0.138148099
 -0.154666662
 -0.414705873
 -0.28765431
 -0.667894781
 -0.410581321
 -0.713134944
 -0.132921353
 -0.241527855
 -0.299369991
 -0.499322087
 -1.26333344
 -1.51200008
 -1.21272731
 -1.88600004
 -0.970555544
 -1.21363628
 -0.957368374
 -1.42142856
 -0.904999912
 -0.801851809
 -0.898771942
 -0.908541679
 -1.07057965
 -0.768688381
 -0.638181865
 -0.451971889
 -0.551896572
 -0.270714283
 -0.423205972
  0.365234315
  0.127459481
  0.351434827
  0.616666734
  0.668079555
  0.691290319
  0.00553190475
  0.286037743
  0.222980767
  0.323095232
  0.149065435
  0.243974358
  0.242523357
  0.524353802
  0.449647754
  0.714956522
  0.344708174
  0.108591557
 -0.381511688
 -0.196612895
 -0.756734788
 -0.319080472
 -0.107407391
  0.538088262
 -0.221733347
 -0.137249991
 -0.332568884
 -0.75999999
 -1.01775491
 -0.536666572
  1.45333338
  0.0299999919
  0.636666715
 -0.0672285035
 -0.0672285035
 -0.573061168
  1.67999995
 -0.271428585
 -0.266666651
  0.122916646
 -0.210000038
  0.211666659
  0.953333318
  0.626644433
  0.811666548
 -0.295517266
  0.105000019
 -0.643478215
 -0.353333324
  0.0233333111
 -0.390000015
  0.725384593
  0.780000031
  0.890357137
  0.182312116
  0.3941333
 -0.221868142
 -0.611363649
 -0.448131859
 -0.601599932
 -0.448988765
 -0.642948508
 -0.678009868
  0.363571435
  0.985882342
  0.530606031
 -0.409166694
  0.520606041
  0.143333331
  0.451333374
 -0.139302313
  0.155024588
  0.67866081
  0.544166744
  0.797142804
  0.546099424
  2.77999997
  0.589615345
 -0.0672285035
 -0.154067814
 -0.0672285035
  0.01326924
 -1.50999999
 -0.853863657
  0.00836734474
 -0.85766232
 -0.743907869
 -0.849999964
 -1.55727267
 -0.463333398
 -1.8599999
 -1.29250002
 -0.522142828
 -1.36500001
 -0.560714304
 -1.02688885
 -0.812978685
 -0.713999927
 -0.7968027
 -0.601811588
 -0.729756117
 -0.616982877
 -0.654277265
 -0.0228834581
  0.431764692
  0.628666699
  0.572452843
  0.916842222
  0.399012387
  0.802105188
  0.0661267638
  0.172553211
 -0.399085701
 -0.257118672
  0.039158415
 -0.144904986
 -0.451249868
 -0.0744970292
 -0.375405312
 -0.274698347
 -0.00185184123
 -0.572731197
  0.309747905
 -0.487644613
  0.587159812
 -0.155170754
 -0.0031746095
  0.513333261
  0.0732374042
  0.855753362
  0.148413777
  0.348045975
 -0.153630629
 -0.0643750206
 -0.183296099
 -0.0936448723
 -0.890922964
  0.00829201005
  1.42999995
  0.303061128
 -0.163333341
  0.20686993
 -0.939999998
  0.299636364
  0.055384621
  0.346871793
  0.580138028
  0.620053709
  0.415755868
  0.274885058
  1.29791677
  0.924230695
  0.78384614
  0.9484905
  0.68599993
  1.05355561
  0.89037025
  0.556249976
  0.235937521
  0.212282643
  0.0693684146
 -0.090909116
 -0.428536445
 -0.597430766
 -1.10303831
 -0.750150442
 -1.02038932
 -0.685376704
 -0.664369881
 -0.75169301
 -0.945466697
 -0.819792569
 -1.32382357
 -0.834301054
 -0.828461587
 -0.414905757
 -0.829056621
 -0.332741827
 -0.798714399
 -0.067735076
 -0.70262599
 -0.153086275
 -0.630373716
 -0.0269937068
 -0.587129712
 -0.161162004
 -0.540450692
 -0.153636441
 -0.635271013
 -0.471044242
 -0.620044351
 -0.6923033
 -0.711714029
 -0.749944389
 -0.284000099
  0.123023257
 -1.0696429
 -0.285645247
 -1.8287499
 -0.510285735
 -1.52833331
 -1.05574453
 -0.772272706
 -0.641578972
 -0.430000067
 -1.15937495
 -0.38228929
 -1.41499996
 -0.701769292
 -0.0672285035
  0.960000038
 -0.0672285035
 -0.590000033
  0.649999976
  1.21000004
 -0.409999996
  0.766799927
 -0.0649999976
  0.0540217422
 -0.00699999044
  0.0611111149
 -0.0439285636
  0.125523239
  1.0069232
  0.688672483
  0.818750024
  0.524436176
  0.322307646
  0.784266591
  0.443428576
  0.679500103
  0.815789342
  1.39100003
  1.15555561
  1.56066668
  1.66750014
  1.94833326
  2.03500009
  1.38
  1.32857132
  1.5150001
  0.938888848
 -0.543333232
  0.210000023
  0.977826059
  0.435333341
  0.464999974
 -0.438709766
 -0.370000005
 -0.609622717
 -0.755789518
 -0.160769209
 -0.627520502
 -0.713246644
 -0.749897182
 -0.969863057
 -0.632094264
 -0.935774565
 -0.779531121
 -0.723383427
 -0.768134356
 -0.599199891
 -0.902265608
 -0.760456622
 -0.863687754
 -0.302434266
 -0.591437578
 -0.374748528
 -0.31935069
 -0.282417476
  0.00879581831
  0.137250006
  0.204731539
  0.287923485
 -0.120170206
  0.146747574
  0.271097541
  0.402624935
  0.290807486
  0.513291955
 -0.31723088
  0.250814825
 -0.0672285035
  0.0778915733
 -0.0672285035
  0.152385324
 -0.0672285035
  0.361655295
 -0.0672285035
  0.491832823
  0.587809563
  0.393263578
 -0.0974999815
 -0.0954794139
  0.107388042
 -0.03011561
 -0.0491616763
  0.0438248776
  0.164264724
  0.309707373
  0.456705928
  0.410230011
  0.387388498
  0.46543479
  0.46891427
  0.213909045
  0.0882424191
 -0.331181854
 -1.21781242
 -0.789310217
 -0.723142922
 -1.06208789
 -0.230816334
 -0.711470544
 -0.370350927
 -0.37018019
 -0.75
  0.296769202
  0.144242421
  0.462785721
  0.301578939
  0.471977353
  0.230714291
  0.489263892
  0.359074026
  0.434245318
  0.562529445
  0.750162661
  0.767000198
  0.152258053
  0.129710153
 -0.426410228
 -0.434482813
 -0.689534843
 -1.00833333
 -0.654277384
 -0.827054739
 -0.573861241
 -0.883565128
 -0.895033181
 -0.715859354
 -0.539699376
 -0.764302373
 -0.358787924
 -0.735843301
 -0.173252001
 -0.230674878
  0.0496368669
  0.0468115807
  0.196167707
  0.159999996
  0.818222284
  0.26450184
  0.702619076
  0.469631374
  0.313372076
  0.00303702476
  0.0273118168
 -0.188017979
 -0.30668357
 -0.0800908729
 -0.692073286
  0.507907033
  0.309787214
  0.888247311
  0.134489805
 -0.195217356
  0.0957142785
  0.212352931
  0.167647049
  0.292727232
  0.209581956
  0.649710119
  0.75622642
  0.914690256
  0.519326806
  0.616448641
 -0.259512097
  0.220918402
 -0.346956521
  0.0289189201
 -0.146966279
  0.228769794
  0.322397292
  0.341183335
  0.681916177
  0.441126198
  0.34851855
  0.0678536594
  0.250763863
 -0.28340143
 -0.0156643391
 -0.298875809
 -0.366962641
 -0.0711520836
 -0.0578461476
 -0.0554260537
  0.203015104
 -0.683297694
  0.31304124
  0.226976708
  0.758448362
  0.917142868
  0.754285812
  0.165000007
  0.434770733
 -0.68083334
  0.0892000124
 -0.456666708
 -0.00455319136
 -0.0650345013
 -0.207967341
 -1.36133337
 -0.0107812602
 -0.0169999599
 -0.566194534
 -0.290999979
 -0.668378234
 -0.572941184
 -0.517863095
 -0.150476187
 -0.751347244
  0.0405825563
 -0.532010555
  0.276746958
  0.0402499996
 -0.113718987
  0.174206346
 -0.165381372
  0.229999989
 -0.0772016495
  0.19488804
  0.312175959
  0.322642863
  0.192931741
  0.165682688
  0.278884441
 -0.249552295
  0.514046311
 -0.000132161615
 -1.67333353
 -0.269575149
  0.467499971
  0.375365883
  0.213333324
  0.366666704
 -0.270952374
  0.629204631
 -0.0170833375
  0.046923086
 -0.103115313
  0.0955629125
 -0.0343346
  0.0567532629
  0.122956157
  0.205522373
 -0.128451347
  0.0474904887
 -0.0589712076
 -0.0135563426
  0.948333323
  0.0663963556
  0.299999982
  0.18068862
 -0.0672285035
  0.216914341
 -0.414999992
 -0.461322188
 -0.164959133
  0.180574745
 -0.287086964
  0.235882342
 -0.0134313852
  0.234354839
  0.0498670898
 -0.160219759
  0.152983055
 -0.0246511661
 -0.0214197654
 -0.185441554
  0.170220569
  0.149594605
  0.179479599
 -0.0709813312
  0.221259534
  0.383571446
  0.83257556
  0.739454448
  0.955076933
  0.573114812
  0.900491655
  0.151149422
  0.842258275
  0.822903156
  0.600733995
  0.792857111
  0.652407408
  0.296268702
  0.0433333404
  0.276410252
  0.0841874927
 -0.227171779
 -0.712652922
 -0.466694862
 -0.925222158
 -0.369056523
 -0.688080788
 -0.623428285
 -0.723739862
 -0.769999981
 -1.31604648
 -1.02785695
 -1.62500012
 -1.09828949
 -1.2325927
 -0.793000102
 -2.8166666
 -0.865340948
 -0.282499999
 -0.775154769
 -0.900000036
 -0.762080789
 -1.24000001
 -1.02256751
 -1.10690475
 -0.814999998
 -1.21923077
 -0.926568568
 -0.680571437
 -0.813827336
 -0.718529224
 -0.804342151
 -0.614754081
 -0.313508779
  0.0568084866
 -0.215038136
  0.230049223
  0.28787446
  0.360314161
 -0.0819711611
  0.647225976
  0.25940001
  0.654345274
  0.189605191
  0.879999876
  0.265714318
 -0.25692305
  0.126988828
  0.214827582
  0.256042987
  0.49545452
  0.218593806
  0.0479166694
 -0.260691375
  0.0518269092
  0.0334939733
 -0.223307118
  0.0607353002
 -0.353988439
 -0.301267594
 -0.051185783
  0.0119191995
 -0.395329773
 -0.295572758
 -0.00104044622
  0.0559393838
  0.102455057
  0.479357809
 -0.137441888
  0.371037781
  0.20993939
  0.174450874
  0.445440024
  0.323061258
  0.411746174
  0.09768904
  0.329230726
 -0.0793689787
  0.213090971
 -0.307229906
 -0.301089704
 -0.536454439
 -0.608888805
 -0.710000038
 -0.743888974
 -1.03090894
 -0.83308208
 -0.611043453
 -0.689216733
 -0.543046355
 -0.583203793
  0.213333324
 -0.524702787
 -0.346142858
 -0.133952543
  0.24939999
  0.215917453
  0.309500009
  0.0317224786
  0.677246511
  0.167572021
  0.00999997649
 -0.0212077089
 -0.278062016
  0.0620816238
 -0.0493333302
 -0.229377851
  0.0190145969
 -0.388707101
 -0.283018768
 -0.028535381
  0.0447083153
 -0.18078652
 -0.36398077
 -0.0958415791
  0.0657831356
  0.00522821024
 -0.203279495
 -0.570291162
 -0.173519552
 -0.686568558
 -0.0575903691
 -0.0837037116
 -0.292448968
  0.194929585
  0.0967256427
  0.785531878
  0.727166474
  0.874943793
  0.610999942
  1.86000001
  1.04250002
  0.842222214
  0.759149015
  0.897142887
  0.588904142
  0.784000039
  0.674677491
  0.595000029
 -0.00120879663
 -0.155000016
 -0.519555449
 -0.720000029
 -0.927931011
 -0.540858865
 -0.91919446
 -0.760404468
 -0.778767049
 -0.830352962
 -0.6808483
 -0.721011221
 -0.386666626
 -0.66984117
  0.0391666368
 -0.0236800406
  0.265947402
 -0.0485999547
  0.10361217
  0.0593491122
 -0.0961685553
 -0.510188401
  0.00407766504
 -0.610629439
 -0.279185086
 -0.295666695
 -1.0383333
 -0.398275882
 -0.494000018
 -0.823679209
 -0.712727308
 -0.569347858
 -0.602083385
 -0.561226487
 -0.0288549885
 -0.436697245
 -0.123875983
 -0.0642911792
  0.0359607823
 -0.131850228
  0.0812584981
  0.254488677
  0.136913568
  0.136893183
  0.15925929
  0.538650811
 -0.188333228
  0.700952411
  0.0210469309
  0.0571621768
  0.200963274
  0.786538482
  0.778571367
  0.751110971
  0.844494581
  0.838387132
  0.838444412
  0.777727306
  0.731111228
  0.712857127
  0.645181715
  0.655378938
  0.76642853
  0.721579015
  0.630719483
  0.65019238
  0.167410061
  1.14207304
  0.0344138108
  0.779024422
  0.126946867
  0.152542353
  0.0221135728
 -0.0732307807
 -0.493872792
 -0.182427272
 -0.1592592
 -0.504154563
 -0.482679576
 -0.302217007
 -0.650714338
 -0.316371083
 -1.19014287
 -0.423088372
 -0.654597759
 -0.171191394
 -0.848874927
 -0.208952665
 -0.480476141
  0.177652568
 -0.243190229
 -0.0713656396
 -0.309256703
 -0.421225816
 -0.568281949
 -0.792749763
  0.0235761572
 -0.235714316
  0.0971710235
 -0.510624945
 -0.0787162259
 -0.490108609
 -0.0501224473
 -0.0966467112
  0.23677966
  0.233259261
  0.186383918
  0.184677452
  0.22145164
  0.319723427
  0.148589179
 -0.0186982173
  0.202736184
  0.14233695
  0.325919151
  0.00839378592
  0.375315011
  0.202986449
  0.0683962032
  0.30299148
 -1.65133321
  0.59193182
 -0.177857116
  0.0312121212
 -0.242799968
  0.0473758802
 -0.148181826
 -0.463193148
  0.278753877
  0.425412834
  0.834196448
  0.0469607636
  0.401772082
  0.157499969
  0.53296876
 -0.00156462518
  0.211363614
  0.194932431
  0.291477203
  0.435075313
  0.133300021
  0.140447125
  0.378648728
  0.160795003
  0.409110248
  0.183896124
  0.298855931
 -0.377054691
  0.0407725275
 -0.392907798
 -0.283643991
 -0.792023718
 -0.535930872
 -0.863333225
 -0.467383057
 -0.523553848
 -0.00631905487
  0.485789508
  0.0814917237
  0.676857114
  0.210467309
  0.78797096
  0.595297992
  0.783678055
  0.329999983
  0.0585416518
 -0.0597709529
  0.0372549221
 -0.0979999378
 -0.627611697
  0.0291900225
 -0.935416698
 -0.949428439
 -1.09749961
 -1.10928571
 -0.886319876
 -1.39166689
 -0.580212772
 -1.08071434
 -0.40929684
 -1.07438588
 -0.516932547
 -0.737272859
 -0.142857164
 -0.511181891
 -0.0436771587
 -0.386178851
 -0.0261111446
 -0.146095291
 -0.315739483
  0.563801527
  0.29496178
  0.47076267
  0.0700000003
  0.130444452
  0.338103533
 -0.0437398404
  0.260180712
  0.131162778
  0.125642061
 -0.107509978
 -0.33897844
  0.0652674809
  0.185628742
 -0.146650255
 -0.061308939
  0.38745898
  0.507010221
  0.34927541
  0.03588707
  0.146756783
 -0.0931667015
 -0.196598664
 -0.0639634058
 -0.594330549
 -0.276111037
 -0.334469378
 -0.49652645
 -0.463525891
 -0.418039173
 -0.518304169
 -0.478760302
 -0.729250014
 -0.721388698
 -0.46772334
 -0.246054456
 -0.651975811
 -0.589072168
 -0.272847265
 -0.590384424
 -0.139230773
  0.13866666
 -0.228047326
  0.232608691
  0.324670613
  0.400197417
  0.834150732
  0.877804816
  0.430681795
  0.845487833
  1.02580643
  1.51047611
  0.727272809
  0.435384631
  0.316874981
  0.726666629
  0.614047587
  0.45875001
  0.522631526
  0.354000032
  0.32792598
  0.293375015
  0.12898086
  0.0651111007
 -0.926842034
 -0.666543067
 -1.31999981
 -0.872999966
 -1.16230786
 -0.967049003
 -0.81411773
 -0.930720508
 -0.574359119
 -1.00470066
 -0.232909113
 -0.633185923
  0.0257419217
  0.246451631
  0.196040303
  0.686451495
  0.615999937
  0.558849514
  1.29833341
  0.948900998
  1.57666647
  0.879885197
  1.2035296
  0.832560956
  0.808823586
  0.328607619
  0.739523768
  0.292605102
  0.836349428
  0.313718021
  0.118571453
  0.209808484
 -0.195555478
  0.172274545
  0.138493165
  0.627984405
  0.240852743
  0.785249949
  1.04605258
  1.20809495
  1.09000003
  1.02543497
  0.893611073
  1.06090891
  0.843636334
  0.839512169
  0.896315992
  0.3202084
  0.555234313
  0.209298253
 -0.154736802
 -0.438030243
 -0.728965282
 -0.145691052
 -0.229259312
 -0.314496607
 -0.282597423
  0.128627434
 -0.473424673
 -0.310896397
 -0.713678002
 -1.21576929
 -1.00390232
 -1.34333336
 -0.798484802
 -0.961132109
 -0.871281922
 -0.873593867
 -0.670476139
 -1.44655156
 -0.630465031
 -0.871785641
  0.365641057
 -0.00210526283
  0.327792168
 -0.457499981
  0.239186063
 -0.20816575
 -0.0924374983
 -0.156326547
 -0.193972528
  0.0593838841
 -0.341474473
 -0.16835168
 -0.0200383477
  0.141684756
  0.528099179
 -0.132679701
  0.289680004
 -0.252833337
 -0.0498347059
 -0.550982714
 -0.0863565877
 -0.234159708
 -0.373516321
 -0.768406987
 -0.326444417
 -0.688749909
 -0.299205571
 -0.291951269
 -0.305147648
 -0.325107932
 -0.324055761
 -0.148045629
 -0.0615845211
 -0.274355888
 -0.818928421
 -0.404765129
  0.0954166874
  0.341320753
  0.249375015
  0.25090909
  0.350769222
 -0.155465066
  0.188384205
 -0.0275806505
  0.355067909
  0.0436099432
  0.17564708
 -0.119134195
 -0.117948726
 -1.12264705
 -0.898113132
 -1.52818179
 -1.43326092
 -1.38300002
 -1.41777778
 -1.76999998
 -2.09500003
 -2.33999991
 -3.25
 -1.23000002
 -0.0672285035
 -0.469999969
 -0.00999999978
 -1.17750001
 -0.823333323
 -0.116621584
  0.0985365734
 -0.000592349097
  0.0598245598
  0.142426267
 -0.374010861
  0.176552787
 -0.0953874737
 -0.401733249
 -0.117256299
 -0.138472214
  0.060037151
 -0.325061649
  0.110424429
 -0.229734018
 -0.160447136
  0.153598115
  0.0375999957
  0.502012134
 -0.0555519611
 -0.381111175
 -0.152559713
  0.105272733
  0.00561764603
 -0.220689639
 -0.120521687
 -0.143626377
  0.248571441
 -0.482129455
  0.188920006
 -0.197318807
 -0.158900514
  0.129999995
 -0.0566822402
 -0.0850000158
 -0.223321915
  0.17322582
 -0.703712165
 -0.660749912
 -0.776976824
 -0.872608662
 -1.08314276
 -1.22600007
 -1.20463419
 -1.49785709
 -1.14166665
 -1.01399994
 -0.857413828
 -0.978235245
 -0.682666779
 -0.886296332
 -0.407380998
 -0.597499967
 -0.0309615526
 -0.25283587
  0.322488308
 -0.156198591
  0.518481076
  0.492695034
  0.974050581
  0.685811996
  1.1492064
  0.678437471
  0.880344987
  0.568189681
  0.615535736
  1.1036365
  0.639677465
  0.678630173
  0.650247991
  0.0720000044
  0.434683591
  0.0136666698
  0.0540476143
 -0.217416614
 -0.138325602
 -0.849523664
 -0.501149476
 -0.513999999
  0.445774645
 -0.248811856
  0.12000002
 -0.346373647
 -0.00583332777
 -0.193838686
 -0.359890103
 -0.283137023
 -0.0954437926
 -0.0987999886
 -0.489459455
 -0.530263245
 -0.898168862
 -0.668074191
 -0.636290252
 -0.743442357
 -0.862162113
 -0.910737574
 -0.648658633
 -1.21297276
 -1.37133348
 -0.880131543
 -1.27285707
 -1.16953468
  2.49000001
 -1.03435886
 -0.159999996
 -0.548500001
  0.0221428629
 -1.19631577
 -0.325476974
 -0.792857051
 -0.553850055
 -0.689710081
 -0.816325247
 -1.05071414
 -0.617619097
 -1.5418185
 -0.701630116
 -1.37000012
 -0.595901549
 -0.918484747
 -0.352442443
 -0.715151548
 -0.263488352
 -0.427301556
 -0.5839535
 -0.593333304
 -0.84913677
 -1.20266688
 -1.04298961
 -1.08466673
 -1.03467381
 -0.970526338
 -0.735899985
 -0.977000237
 -0.710943639
 -0.750277817
 -0.407862604
 -0.860266745
 -0.386374682
 -0.592934906
 -0.0125652282
 -0.366937041
  0.0393939428
 -0.280504376
  0.122372888
 -0.40463677
  0.276786983
 -0.151683882
  0.326420248
  0.153366834
  0.409029573
  0.714874923
  0.356916249
  0.527870417
  0.420466125
  0.272644609
  0.128928557
  0.269655138
  0.0963821262
  0.579759598
 -0.335548252
 -0.354090899
 -1.03789485
 -2.29999995
 -0.902307749
 -1.41499996
 -0.852857292
 -1.1400001
 -0.872181833
