 acc
       0.24  0.22  0.27  0.28  0.30  0.34  0.40  0.40  0.39  0.38
       0.38  0.38  0.36  0.36  0.38  0.40  0.40  0.38  0.38  0.35
       0.30  0.33  0.34  0.31  0.29  0.28  0.26  0.25  0.28  0.31
 rms
       1.41  1.29  1.18  1.15  1.12  1.09  1.05  1.05  1.05  1.06
       1.05  1.06  1.06  1.06  1.06  1.05  1.05  1.06  1.06  1.08
       1.09  1.09  1.09  1.09  1.10  1.10  1.11  1.11  1.11  1.11
 acc
       0.26  0.31  0.28  0.31  0.29  0.26  0.28  0.27  0.28  0.29
       0.25  0.24  0.22  0.19  0.18  0.19  0.25  0.28  0.33  0.34
       0.27  0.31  0.41  0.40  0.42  0.38  0.38  0.31  0.28  0.26
 rms
       1.04  0.91  0.89  0.86  0.86  0.86  0.84  0.84  0.83  0.82
       0.83  0.84  0.84  0.84  0.84  0.84  0.82  0.82  0.81  0.80
       0.82  0.81  0.80  0.80  0.80  0.80  0.81  0.82  0.82  0.82
 acc
       0.05  0.12  0.16  0.27  0.21  0.23  0.13  0.08  0.11  0.09
       0.08  0.01  0.01 -0.02  0.08  0.02  0.00 -0.01  0.07  0.11
       0.09  0.14  0.14  0.24  0.27  0.23  0.22  0.21  0.25  0.17
 rms
       1.35  1.14  1.07  0.98  1.00  0.98  1.02  1.03  1.00  1.00
       1.00  1.02  1.01  1.01  0.98  0.99  0.99  0.99  0.97  0.97
       0.97  0.96  0.96  0.95  0.95  0.95  0.95  0.95  0.95  0.96
 acc
       0.13  0.20  0.19  0.18  0.22  0.16  0.08 -0.01 -0.01 -0.02
      -0.04 -0.07 -0.01 -0.04  0.03  0.04  0.06  0.13  0.15  0.16
       0.09  0.13  0.08  0.10  0.07  0.07  0.10  0.19  0.28  0.25
 rms
       1.29  1.09  1.06  1.04  1.00  1.02  1.04  1.06  1.04  1.04
       1.03  1.03  1.01  1.01  0.99  0.99  0.99  0.97  0.97  0.97
       0.98  0.97  0.98  0.98  0.98  0.98  0.97  0.97  0.96  0.96
 acc
       0.28  0.20  0.15  0.18  0.20  0.23  0.27  0.26  0.25  0.20
       0.15  0.15  0.16  0.16  0.15  0.14  0.14  0.11  0.12  0.13
       0.09  0.05  0.02  0.04  0.05  0.03  0.06  0.06  0.09  0.09
 rms
       1.27  1.22  1.19  1.13  1.11  1.07  1.05  1.04  1.05  1.07
       1.08  1.08  1.07  1.07  1.07  1.07  1.06  1.07  1.06  1.06
       1.07  1.08  1.08  1.07  1.07  1.07  1.06  1.06  1.06  1.06
 acc
       0.36  0.46  0.44  0.42  0.43  0.43  0.39  0.37  0.36  0.36
       0.40  0.40  0.39  0.39  0.39  0.38  0.40  0.38  0.37  0.34
       0.33  0.32  0.34  0.34  0.34  0.35  0.40  0.41  0.47  0.47
 rms
       1.42  1.20  1.19  1.19  1.17  1.16  1.18  1.19  1.19  1.19
       1.16  1.16  1.16  1.16  1.17  1.17  1.16  1.17  1.18  1.19
       1.20  1.20  1.20  1.20  1.21  1.21  1.20  1.20  1.19  1.20
