 acc
       0.13  0.20  0.16  0.15  0.14  0.14  0.25  0.29  0.30  0.27
       0.26  0.24  0.24  0.25  0.27  0.26  0.31  0.27  0.28  0.26
       0.23  0.23  0.20  0.18  0.17  0.17  0.17  0.20  0.16  0.12
 rms
       1.49  1.27  1.23  1.20  1.18  1.17  1.11  1.09  1.08  1.09
       1.10  1.10  1.10  1.10  1.09  1.09  1.08  1.09  1.09  1.10
       1.10  1.10  1.11  1.11  1.12  1.12  1.12  1.11  1.12  1.12
 acc
      -0.03 -0.10 -0.16 -0.11 -0.10  0.00  0.05 -0.01 -0.08 -0.11
      -0.10 -0.08 -0.03 -0.07 -0.09 -0.10 -0.10 -0.13 -0.07 -0.07
      -0.18 -0.02  0.12  0.06  0.08  0.12  0.08  0.00  0.00  0.07
 rms
       1.32  1.16  1.11  1.04  1.01  0.96  0.94  0.96  0.97  0.96
       0.95  0.95  0.94  0.94  0.94  0.94  0.94  0.94  0.93  0.93
       0.94  0.92  0.91  0.92  0.92  0.91  0.91  0.92  0.92  0.92
 acc
       0.02  0.04  0.02  0.06 -0.03 -0.06 -0.06 -0.11 -0.12 -0.18
      -0.18 -0.28 -0.26 -0.30 -0.09 -0.13 -0.16 -0.11 -0.09 -0.12
      -0.19 -0.13 -0.25 -0.22 -0.22 -0.17 -0.26 -0.18 -0.19 -0.17
 rms
       1.34  1.16  1.11  1.05  1.07  1.06  1.05  1.05  1.03  1.03
       1.02  1.03  1.01  1.01  0.98  0.98  0.98  0.98  0.97  0.98
       0.98  0.97  0.99  0.98  0.98  0.97  0.98  0.97  0.97  0.97
 acc
       0.10  0.13  0.05  0.15  0.24  0.17  0.08  0.01  0.02 -0.03
      -0.03 -0.14 -0.08 -0.08 -0.05 -0.05 -0.01  0.07  0.10  0.15
       0.07  0.13  0.11  0.19  0.17  0.13  0.18  0.17  0.25  0.17
 rms
       1.30  1.12  1.11  1.02  0.96  0.99  1.02  1.02  1.01  1.01
       1.01  1.03  1.01  1.00  0.99  0.99  0.98  0.97  0.96  0.96
       0.97  0.96  0.96  0.95  0.95  0.96  0.95  0.96  0.95  0.96
 acc
       0.39  0.35  0.29  0.27  0.24  0.21  0.18  0.14  0.11  0.04
      -0.01 -0.08 -0.09 -0.05 -0.03 -0.01  0.00  0.00  0.04  0.06
       0.08  0.07  0.07  0.09  0.14  0.18  0.17  0.13  0.15  0.15
 rms
       1.13  1.08  1.08  1.07  1.06  1.07  1.07  1.08  1.08  1.10
       1.11  1.12  1.11  1.09  1.08  1.07  1.06  1.06  1.05  1.04
       1.03  1.04  1.04  1.03  1.02  1.01  1.01  1.02  1.02  1.02
 acc
       0.51  0.53  0.59  0.56  0.55  0.58  0.55  0.51  0.50  0.47
       0.47  0.49  0.51  0.50  0.49  0.49  0.46  0.45  0.45  0.42
       0.40  0.38  0.34  0.34  0.34  0.32  0.34  0.35  0.36  0.40
 rms
       1.15  1.06  0.97  1.00  1.00  0.97  0.99  1.02  1.02  1.04
       1.04  1.02  1.01  1.01  1.02  1.03  1.04  1.05  1.05  1.07
       1.08  1.09  1.10  1.11  1.11  1.12  1.12  1.12  1.12  1.11
