 44.91  288.94
 44.00  289.93
 43.68  285.61
 41.86  287.36
 42.22  281.45
 40.22  276.99
 39.31  283.97
 40.95  282.49
 38.83  280.00
 36.95  282.31
 35.92  277.62
 34.22  281.08
 34.89  279.26
 45.50  272.37
 47.66  265.94
 47.48  261.25
 47.24  257.78
 46.95  254.38
 48.23  249.71
 46.24  250.48
 46.32  246.78
 43.78  275.09
 41.64  275.29
 40.17  272.36
 42.54  270.90
 45.01  269.43
 44.83  266.51
 44.92  263.30
 44.47  259.87
 44.24  257.12
 43.98  254.73
 43.96  250.63
 42.00  267.47
 42.67  263.57
 41.48  259.26
 40.82  262.47
 42.00  256.00
 38.35  275.99
 37.90  272.91
 37.32  269.92
 39.73  269.22
 39.04  266.35
 38.03  264.21
 38.60  261.73
 38.17  259.22
 39.82  256.56
 38.10  256.03
 39.13  252.27
 41.94  251.74
 35.31  273.46
 34.88  270.08
 35.71  266.11
 35.52  262.17
 34.10  260.45
 34.50  258.36
 33.63  276.29
 33.27  273.45
 32.39  270.26
 33.30  267.39
 31.77  265.12
 32.35  262.53
 29.38  262.63
 27.06  261.70
 30.56  259.92
 30.82  256.45
 31.04  276.82
 28.28  278.32
 25.71  279.03
 30.81  273.14
 30.42  269.29
 30.37  266.18
 48.11  242.08
 46.15  242.77
 46.50  239.91
 47.31  237.80
 47.86  236.68
 43.15  247.06
 44.60  245.60
 42.98  243.46
 43.23  239.37
 44.09  237.40
 44.50  236.26
 40.50  249.08
 38.35  248.93
 38.53  246.60
 40.50  244.52
 40.57  240.63
 39.76  238.40
 40.46  236.73
 38.06  243.77
 36.37  240.17
 36.42  238.70
 33.96  241.74
 35.21  243.45
 36.01  245.65
 33.67  247.74
 35.58  249.31
 32.27  249.48
 36.59  253.34
 34.32  256.18
 34.00  253.17
 32.30  252.81
