       1     101   34.3500  272.6500   1.20019E-03
       2     102   34.2800  273.6700   1.30905E-03
       3     103   33.3200  272.3500   1.99180E-03
       4     104   33.3500  273.8800   1.04160E-03
       5     105   32.9700  274.2700   1.30368E-03
       6     106   32.4500  273.0700   2.00927E-03
       7     107   31.5200  273.4200   3.83308E-03
       8     108   30.5200  272.0800   7.51294E-04
       9     202   35.5800  249.3100   1.03587E-02
      10     203   34.5300  247.5600   2.11208E-03
      11     205   33.2500  246.0600   2.60747E-03
      12     206   33.1500  248.0900   3.81480E-03
      13     301   36.1100  266.3200   1.24602E-03
      14     302   35.9100  267.9700   1.44239E-03
      15     303   35.9100  269.2900   1.92089E-03
      16     304   35.1800  266.2200   1.75079E-03
      17     305   34.6600  267.4200   1.36495E-03
      18     306   34.7600  268.8900   1.82408E-03
      19     307   33.8600  266.2600   1.31655E-03
      20     308   33.5900  267.3000   1.73972E-03
      21     309   33.7300  268.3900   1.22389E-03
      22     401   40.4600  236.7300   5.61216E-03
      23     402   39.7600  238.4000   7.05033E-03
      24     403   40.5500  239.8100   1.74399E-03
      25     404   36.4200  238.7000   2.75649E-03
      26     405   36.3700  240.1700   8.62488E-03
      27     406   33.9600  241.7400   3.65328E-03
      28     407   35.2100  243.4500   1.18856E-02
      29     501   38.1000  256.0300   7.34079E-03
      30     503   39.6400  257.4700   2.26142E-03
      31     504   40.0000  255.6400   5.51917E-03
      32     505   37.4800  253.8500   1.99537E-03
      33     601   41.8000  286.7600   2.64018E-04
      34     602   41.6500  287.6300   8.46711E-04
      35     603   41.2800  287.7800   1.93709E-04
      36     701   39.5600  284.3200   1.18332E-04
      37     702   38.9000  284.5300   4.17350E-04
      38     801   30.3800  273.9100   3.16745E-03
      39     802   30.0700  277.1000   3.44043E-03
      40     803   28.8300  278.2400   2.04962E-03
      41     804   27.7300  278.4100   3.07443E-03
      42     805   26.3600  279.0000   2.85330E-03
      43     806   26.2100  279.8400   6.64906E-04
      44     807   24.5500  278.2500   0.00000E+00
      45     901   34.4100  274.9300   9.69009E-04
      46     902   34.3000  275.9100   1.58844E-03
      47     903   34.2400  276.8400   8.80081E-04
      48     904   33.0400  275.3700   1.82763E-03
      49     905   32.8900  276.6900   2.42406E-03
      50     906   32.8800  277.9800   1.51638E-03
      51     907   31.3500  275.3600   1.78929E-03
      52     908   31.3500  276.7500   2.15267E-03
      53     909   31.4000  278.0900   2.18487E-03
      54    1001   48.1100  243.4000   1.15762E-03
      55    1002   46.6500  243.4400   7.00667E-04
      56    1003   46.2800  243.1600   4.22141E-04
      57    1004   44.8200  244.7100   7.58330E-03
      58    1005   43.4600  243.7300   1.64940E-03
      59    1007   42.8000  245.7700   1.22943E-03
      60    1008   44.3700  246.4900   1.28601E-03
      61    1009   43.8300  247.1800   2.16075E-03
      62    1010   42.8300  248.2400   3.35319E-03
      63    1101   41.7100  270.3200   1.88589E-03
      64    1102   41.7100  271.6800   1.71698E-03
      65    1103   40.4800  269.3500   1.44673E-03
      66    1104   40.4500  270.7000   1.60830E-03
      67    1105   40.5500  271.9100   1.48786E-03
      68    1106   39.4400  270.0000   1.96227E-03
      69    1107   39.1900  271.6700   1.95492E-03
      70    1108   38.0000  270.6400   1.41001E-03
      71    1109   38.0000  271.4900   1.21467E-03
      72    1201   41.1200  273.0400   1.08779E-03
      73    1202   41.0700  273.8900   1.01219E-03
      74    1203   41.1400  274.7900   9.32800E-04
      75    1204   39.8700  272.9100   1.08118E-03
      76    1205   39.8300  273.9500   1.59247E-03
      77    1206   40.0300  274.8700   6.77627E-04
      78    1207   38.4900  272.8300   1.30894E-03
      79    1208   38.6600  273.7200   1.03392E-03
      80    1209   38.9300  274.6900   7.23936E-04
      81    1301   43.0100  264.3400   1.78400E-03
      82    1302   43.0400  266.5200   1.58757E-03
      83    1303   42.8800  268.2200   1.71803E-03
      84    1304   42.0400  264.8500   1.91886E-03
      85    1305   42.0800  266.7200   1.91593E-03
      86    1306   41.9000  268.7800   1.57877E-03
      87    1307   41.1000  264.8800   1.30025E-03
      88    1308   41.0300  266.4400   1.45271E-03
      89    1309   41.0800  268.1300   1.40286E-03
      90    1401   39.5600  259.2500   2.03734E-03
      91    1402   39.5400  261.8200   2.32655E-03
      92    1403   39.5000  264.1400   1.64315E-03
      93    1404   38.7300  259.2500   2.08447E-03
      94    1405   38.6400  261.8200   2.34369E-03
      95    1406   38.5600  264.3300   2.28156E-03
      96    1407   37.6500  259.2500   3.08921E-03
      97    1408   37.6100  261.5500   2.92211E-03
      98    1409   37.5200  264.0500   2.69503E-03
      99    1501   37.0700  272.3600   2.56468E-03
     100    1502   37.2700  274.1400   2.38901E-03
     101    1503   38.1900  275.4500   2.23016E-03
     102    1504   37.3900  276.6400   3.33577E-03
     103    1601   32.4500  266.4400   1.02480E-03
     104    1602   32.4200  267.4100   1.59218E-03
     105    1603   32.4200  268.5000   1.14611E-03
     106    1604   31.4500  266.7800   1.02986E-03
     107    1605   31.2200  267.8900   2.03192E-03
     108    1606   30.5400  269.4400   1.34071E-03
     109    1607   30.2700  267.1300   1.97506E-03
     110    1608   29.9800  268.4600   8.90860E-04
     111    1609   29.7300  269.6900   1.60481E-03
     112    1701   46.0000  290.7700   4.66571E-03
     113    1702   44.6300  290.7700   2.68404E-03
     114    1703   44.1800  290.7700   1.30007E-03
     115    1801   38.1900  284.6000   3.33289E-04
     116    1802   38.6300  284.0700   3.28882E-04
     117    1803   38.4300  283.3100   2.91146E-04
     118    1804   38.9300  283.3200   2.51757E-04
     119    1805   39.1400  283.9700   1.83171E-04
     120    1806   39.4100  283.1900   9.33759E-04
     121    1807   39.7000  281.8200   2.47625E-04
     122    1808   39.5300  280.7700   1.84824E-04
     123    1901   42.3700  286.9100   4.10918E-04
     124    1902   42.3500  288.0800   1.09815E-03
     125    1903   41.8600  289.1900   6.41213E-04
     126    2001   46.3500  271.7500   2.58942E-03
     127    2002   46.1500  274.2200   1.80865E-03
     128    2003   44.6600  274.6100   1.25833E-03
     129    2004   44.8100  275.9300   1.72224E-03
     130    2005   43.6600  274.0500   7.86833E-04
     131    2006   43.6600  275.1500   1.22042E-03
     132    2007   43.4700  276.6400   1.12340E-03
     133    2008   42.4200  274.1600   1.19617E-03
     134    2009   42.4200  275.2800   1.69950E-03
     135    2010   42.4200  276.6100   1.75559E-03
     136    2101   47.7600  263.9700   3.41967E-03
     137    2102   47.5900  265.8500   3.44813E-03
     138    2103   47.6300  268.0000   2.68626E-03
     139    2104   45.7000  264.1400   2.50017E-03
     140    2105   45.3500  265.5700   2.65342E-03
     141    2106   46.0600  266.7500   2.35130E-03
     142    2107   44.0500  264.3900   1.59599E-03
     143    2108   43.9600  266.0500   1.68138E-03
     144    2109   43.9700  267.6800   1.55659E-03
     145    2201   34.0400  269.5200   7.89061E-04
     146    2202   34.3100  270.3700   1.24759E-03
     147    2203   34.5000  271.4000   9.61784E-04
     148    2204   33.1100  269.3400   1.10717E-03
     149    2205   32.9100  270.3100   1.60919E-03
     150    2206   33.3300  271.2900   1.38800E-03
     151    2207   31.7200  269.2400   1.64274E-03
     152    2208   31.5400  270.1900   1.14569E-03
     153    2209   31.7400  271.1600   1.59552E-03
     154    2210   30.6500  270.9900   9.39417E-04
     155    2301   39.7400  266.1300   3.82913E-03
     156    2302   39.2600  268.3100   3.64403E-03
     157    2303   38.3400  266.5600   2.67314E-03
     158    2304   37.1200  266.5500   2.99798E-03
     159    2305   37.3400  269.0000   3.92895E-03
     160    2306   36.6300  270.1300   1.07434E-03
     161    2401   47.2600  245.7300   6.35688E-03
     162    2402   45.3900  247.8200   3.67465E-03
     163    2403   48.2300  249.7100   7.00444E-03
     164    2404   46.9200  249.5800   5.76679E-03
     165    2405   45.5500  251.3700   4.53680E-03
     166    2406   47.9000  254.2500   5.81277E-03
     167    2407   46.0000  254.5100   5.16520E-03
     168    2501   42.0000  257.0000   3.70452E-03
     169    2502   42.2600  259.6500   4.90315E-03
     170    2503   42.2400  262.6100   1.99103E-03
     171    2505   41.1700  260.7700   1.91863E-03
     172    2506   41.1600  262.8700   2.18611E-03
     173    2507   40.7000  258.8700   2.46767E-03
     174    2508   40.3400  260.8600   1.18456E-03
     175    2509   40.3300  262.9600   1.75572E-03
     176    2601   40.6000  241.4500   7.95953E-03
     177    2604   36.4800  245.0500   2.55050E-03
     178    2701   44.3500  288.3400   7.45780E-04
     179    2702   43.2000  288.2600   1.67716E-03
     180    2801   40.8300  285.4200   7.49324E-04
     181    2802   39.8400  285.3400   1.14092E-03
     182    2803   39.6700  285.7700   1.50395E-04
     183    2901   36.1100  251.8100   3.54545E-03
     184    2902   36.1700  254.3500   4.82233E-03
     185    2903   35.4000  256.4800   3.91933E-03
     186    2904   34.1400  253.2300   3.74506E-03
     187    2905   33.7100  252.0300   2.51572E-03
     188    2906   34.1500  254.2500   2.50622E-03
     189    2907   33.2400  255.8900   5.70314E-03
     190    2908   32.3000  252.8100   4.92688E-03
     191    3001   42.2300  282.1600   1.11934E-03
     192    3002   42.3200  284.9300   2.36005E-03
     193    3003   43.8400  285.3400   1.83588E-03
     194    3004   40.9300  286.9600   4.72525E-04
     195    3005   42.5200  286.2900   1.66029E-03
     196    3006   43.1200  285.0000   7.11370E-04
     197    3007   44.2100  286.3500   8.00453E-04
     198    3008   44.6300  285.1300   7.68177E-04
     199    3009   43.1300  282.6300   1.90172E-03
     200    3010   42.7800  282.9700   1.28072E-03
     201    3101   35.4900  277.1600   2.00486E-03
     202    3103   36.2000  280.9200   1.61868E-03
     203    3104   35.7200  279.8600   1.45298E-03
     204    3105   35.2000  279.6300   1.48858E-03
     205    3106   34.6700  281.5700   2.54990E-03
     206    3107   35.2900  282.8800   1.83368E-03
     207    3108   36.0700  283.0800   1.81451E-03
     208    3201   48.4600  257.4600   2.44201E-03
     209    3202   48.3900  259.7600   1.84577E-03
     210    3203   48.3100  261.8400   2.28191E-03
     211    3204   47.4800  257.6500   2.27087E-03
     212    3205   47.2700  260.5600   1.91202E-03
     213    3206   47.1300  262.3900   1.46116E-03
     214    3207   46.5400  256.9300   2.11813E-03
     215    3208   46.4900  259.0700   2.09789E-03
     216    3209   46.2800  261.7000   1.97275E-03
     217    3301   41.1700  275.9000   1.27532E-03
     218    3302   41.1200  277.1700   8.62020E-04
     219    3303   41.3600  278.7800   9.85472E-04
     220    3304   40.3100  275.8900   1.05847E-03
     221    3305   40.0200  277.0000   1.25492E-03
     222    3306   40.6100  277.8700   7.73993E-04
     223    3307   40.6200  278.9400   8.59873E-04
     224    3308   39.3800  275.8900   1.18192E-03
     225    3309   38.8900  277.1900   1.07672E-03
     226    3310   39.6400  278.2800   1.40628E-03
     227    3401   36.7400  259.1500   2.09759E-03
     228    3402   36.5900  261.9100   2.12854E-03
     229    3403   36.5500  264.3100   2.20502E-03
     230    3404   35.6200  260.8800   1.56227E-03
     231    3405   35.4900  262.8000   2.67661E-03
     232    3406   35.4500  264.6300   1.86088E-03
     233    3407   34.8000  261.0700   1.80262E-03
     234    3408   34.3800  263.0900   2.19409E-03
     235    3409   34.4700  264.9400   1.68062E-03
     236    3501   44.5000  236.2600   2.17957E-03
     237    3502   44.7900  237.1400   2.46496E-03
     238    3503   42.8200  237.1000   2.31847E-03
     239    3506   45.4900  239.8000   2.31847E-03
     240    3507   43.4600  240.0000   7.72319E-03
     241    3508   45.0000  242.0000   3.31607E-03
     242    3509   43.1500  242.4300   2.60639E-03
     243    3602   40.7900  284.2000   5.00556E-04
     244    3603   40.2000  284.1100   1.14160E-03
     245    3604   39.9400  282.8300   7.21321E-04
     246    3605   40.9100  283.0000   1.26320E-03
     247    3606   41.7100  283.5400   1.05070E-03
     248    3607   41.1200  281.8700   1.14514E-03
     249    3608   40.2500  281.7200   9.36182E-04
     250    3609   40.3700  280.2900   2.13681E-03
     251    3610   41.5800  280.7200   2.05889E-03
     252    3701   41.7000  288.5200   0.00000E+00
     253    3802   34.8000  277.8700   1.19045E-03
     254    3803   34.6600  279.1400   8.74238E-04
     255    3804   34.0000  280.5000   1.70885E-03
     256    3805   33.9300  278.1300   1.07076E-03
     257    3806   33.7400  279.2900   1.21714E-03
     258    3807   32.9200  279.3800   1.86493E-03
     259    3901   45.1800  257.3800   3.28857E-03
     260    3902   45.4500  259.8700   2.04658E-03
     261    3903   45.4500  262.2800   1.98839E-03
     262    3905   43.6600  257.5700   2.67460E-03
     263    3906   44.4800  259.8700   2.87725E-03
     264    3907   44.4800  262.3900   2.26729E-03
     265    3908   43.4800  259.8700   1.52691E-03
     266    3909   43.3900  262.5000   2.65855E-03
     267    4001   35.8500  276.2800   2.86470E-03
     268    4002   35.7900  274.7200   1.81299E-03
     269    4003   35.7900  273.0000   3.84930E-03
     270    4004   35.7400  271.0000   2.47416E-03
     271    4101   34.5000  258.3600   1.02620E-02
     272    4102   33.3900  259.8300   6.65569E-03
     273    4103   32.3500  262.5300   1.01576E-02
     274    4104   31.7700  265.1200   8.64682E-03
     275    4105   30.8200  256.4500   9.41961E-03
     276    4106   30.5600  259.9200   9.18986E-03
     277    4107   29.3800  262.6300   5.59050E-03
     278    4108   29.3800  264.6400   3.18164E-03
     279    4109   27.8300  261.0900   5.71581E-03
     280    4110   26.3000  262.3100   8.00632E-04
     281    4201   39.8300  246.6600   5.70092E-03
     282    4203   40.6800  247.9000   1.45951E-03
     283    4205   40.8200  249.1000   2.93228E-03
     284    4301   44.3900  287.7100   1.26395E-03
     285    4302   43.9700  286.9100   8.27282E-04
     286    4303   43.1500  287.3900   4.11139E-04
     287    4401   37.2400  283.2400   1.96752E-03
     288    4402   37.4500  282.1100   2.01855E-03
     289    4403   37.0300  280.8000   1.92501E-03
     290    4404   38.7700  282.0600   1.36377E-03
     291    4405   37.9300  280.6200   1.35420E-03
     292    4406   36.9400  278.5100   2.00048E-03
     293    4501   47.3800  236.1500   1.31235E-03
     294    4502   48.3400  237.2000   4.72376E-04
     295    4503   47.6700  237.5900   9.41200E-04
     296    4504   46.6900  237.2600   2.50750E-03
     297    4505   47.5700  238.5400   1.61602E-03
     298    4506   47.3400  239.3000   2.46488E-03
     299    4507   47.9000  240.8400   1.82557E-03
     300    4508   46.6700  240.6200   3.08820E-03
     301    4509   48.3300  242.0000   2.17009E-03
     302    4510   46.6600  242.4700   1.36030E-03
     303    4601   39.4900  279.0000   3.12341E-04
     304    4602   39.1800  279.6000   1.14798E-03
     305    4603   38.3300  278.2300   1.46788E-03
     306    4604   38.5400  279.6000   1.90301E-03
     307    4605   37.5000  279.0000   6.92691E-04
     308    4606   39.3100  281.3200   7.73295E-04
     309    4701   45.8700  268.4300   2.52549E-03
     310    4702   45.5000  270.0500   2.59715E-03
     311    4703   45.2900  271.6100   1.61152E-03
     312    4704   44.4900  268.7200   1.84549E-03
     313    4705   44.2000  270.5200   1.41264E-03
     314    4706   44.2000  271.9100   1.22107E-03
     315    4707   43.0900  269.6700   1.44042E-03
     316    4708   43.0900  270.9400   1.26640E-03
     317    4709   43.0900  271.9100   7.03394E-04
     318    4801   44.7200  249.9000   1.02505E-03
     319    4802   43.6700  249.4900   1.33868E-03
     320    4803   41.8800  250.4700   5.29862E-03
     321    4804   44.2700  251.5600   2.96294E-03
     322    4805   44.2700  253.7400   2.96804E-03
     323    4806   44.2700  255.2200   9.96998E-04
     324    4807   43.4100  255.2200   1.86650E-03
     325    4808   42.0000  255.0000   3.12104E-03
     326    4809   43.1900  251.5600   1.95830E-03
     327    4810   42.0000  253.0000   3.96249E-03
     328   91285   19.7200  204.9300   1.23457E-02
     329   91190   20.9000  203.5700   1.23457E-02
     330   91182   21.3500  202.0700   1.23457E-02
     331   91165   21.9800  200.6500   1.23457E-02
     332   70398   55.0300  228.4300   1.23457E-02
     333   70381   58.3700  225.4200   1.23457E-02
     334   70371   57.0400  224.7900   1.23457E-02
     335   70361   59.5200  220.3300   1.23457E-02
     336   70350   57.7500  207.4800   1.23457E-02
     337   70326   58.6800  203.3500   1.23457E-02
     338   70316   55.2000  197.2800   1.23457E-02
     339   70454   51.8800  183.3500   1.23457E-02
     340   70308   57.1500  189.7800   1.23457E-02
     341   70261   64.8200  212.1300   1.23457E-02
     342   70273   61.1700  209.9800   1.23457E-02
     343   70231   62.9700  204.3800   1.23457E-02
     344   70259   60.3400  208.8500   1.23457E-02
     345   70174   66.9000  208.4800   1.23457E-02
     346   70219   60.7800  198.2000   1.23457E-02
     347   70133   66.8700  197.3700   1.23457E-02
     348   70200   64.5000  194.5700   1.23457E-02
     349   70026   71.3000  203.2200   1.23457E-02
