    4551    7008
    4410    6997
    4337    7448
    4193    7272
    4214    7895
    4030    8267
    3949    7635
    4080    7818
    3865    8045
    3697    7770
    3606    8281
    3422    7879
    3504    8069
    4570    8764
    4766    9422
    4751    9877
    4724   10214
    4701   10563
    4823   11029
    4632   10963
    4658   11351
    4391    8490
    4184    8462
    4009    8773
    4238    8921
    4517    9065
    4501    9360
    4495    9663
    4455   10013
    4450   10253
    4399   10553
    4398   10916
    4201    9245
    4272    9654
    4174   10061
    4086    9757
    4200   10391
    3800    8383
    3767    8703
    3740    9054
    3956    9101
    3916    9369
    3792    9580
    3852    9828
    3811   10077
    3990   10383
    3810   10397
    3913   10773
    4193   10845
    3554    8661
    3508    8986
    3578    9373
    3550    9770
    3369    9991
    3450   10164
    3348    8375
    3317    8661
    3240    8981
    3334    9262
    3177    9488
    3235    9747
    2938    9737
    2764    9876
    3056   10008
    3082   10355
    3090    8308
    2817    8166
    2633    8084
    3096    8651
    3049    9088
    2998    9412
    4813   11810
    4573   11775
    4653   12004
    4715   12227
    4763   12357
    4310   11244
    4475   11503
    4327   11706
    4346   12000
    4383   12288
    4450   12374
    4077   11130
    3832   11013
    3983   11334
    4050   11548
    4059   11885
    3976   12160
    4046   12327
    3806   11623
    3637   11983
    3642   12130
    3396   11826
    3521   11655
    3648   11495
    3352   11266
    3558   11069
    3227   11052
    3640   10662
    3412   10387
    3402   10682
    3230   10719
