    2.000    0.077    0.153    0.055
    2.057    0.097    0.236    0.293
    2.118    0.181    0.216    0.515
    2.182    0.175    0.190    1.011
    2.250    0.117    0.307    0.891
    2.323    0.201    0.166    0.306
    2.400    0.298    0.335    0.175
    2.483    0.211    0.655    0.044
    2.571    0.101    0.362    0.061
    2.667    0.137    0.191    0.238
    2.769    0.207    0.316    0.216
    2.880    0.223    0.121    0.252
    3.000    0.269   -0.013    0.582
    3.130    0.578    0.163    0.656
    3.273    0.691    0.576    0.264
    3.429    0.246    0.384    0.152
    3.600    0.403    0.161    0.211
    3.789    0.755    0.268    0.209
    4.000    0.373    0.322    0.258
    4.235    0.083    0.251    0.124
    4.500    0.137    0.377    0.313
    4.800    0.179    0.403    0.538
    5.143    0.210    0.244    0.264
    5.538    0.383    0.698    0.089
    6.000    0.268    0.961    0.119
    6.545    0.305    0.326    0.161
    7.200    0.577    0.047    0.313
    8.000    0.515    0.247    0.249
    9.000    0.381    0.254    0.103
   10.286    0.421    0.073    0.141
   12.000    0.473    0.137    0.345
   14.400    0.400    0.336    0.550
   18.000    0.166    0.801    0.661
   24.000    0.175    0.524    0.577
   36.000    0.568    0.174    0.278
   72.000    0.713    0.392    0.216
