0 I   COLAT   COLRAD     WGT            WGTCS          ITER  RES
  1    3.40   0.0593769  0.4521277E-02  0.1283916E+01    51  -.1057012D-10
  2    7.81   0.1362948  0.1049828E-01  0.5686576E+00    50  0.1501483D-11
  3   12.24   0.2136669  0.1642106E-01  0.3652128E+00    56  -.2592670D-11
  4   16.68   0.2911416  0.2224585E-01  0.2699891E+00    53  0.3317482D-11
  5   21.12   0.3686552  0.2793701E-01  0.2151313E+00    51  -.4207428D-11
  6   25.56   0.4461876  0.3346020E-01  0.1796832E+00    54  0.3452214D-11
  7   30.01   0.5237306  0.3878217E-01  0.1550579E+00    48  -.3354652D-12
  8   34.45   0.6012799  0.4387091E-01  0.1370903E+00    58  0.3080321D-11
  9   38.89   0.6788335  0.4869581E-01  0.1235181E+00    46  -.3081849D-11
 10   43.34   0.7563900  0.5322785E-01  0.1130083E+00    53  0.2184451D-13
 11   47.78   0.8339486  0.5743977E-01  0.1047265E+00    52  -.2862402D-11
 12   52.23   0.9115087  0.6130624E-01  0.9812488E-01    45  0.2639778D-11
 13   56.67   0.9890700  0.6480401E-01  0.9283100E-01    51  -.1840379D-11
 14   61.11   1.0666321  0.6791205E-01  0.8858427E-01    49  0.7109118D-12
 15   65.56   1.1441949  0.7061165E-01  0.8519881E-01    54  -.5138006D-12
 16   70.00   1.2217582  0.7288658E-01  0.8254052E-01    55  0.1759687D-11
 17   74.45   1.2993219  0.7472317E-01  0.8051247E-01    47  -.6721753D-12
 18   78.89   1.3768858  0.7611036E-01  0.7904551E-01    53  0.1067468D-11
 19   83.33   1.4544499  0.7703982E-01  0.7809215E-01    57  -.4715298D-12
 20   87.78   1.5320142  0.7750595E-01  0.7762264E-01    49  0.1109227D-11
  before call GENPNME
0 I   COLAT   COLRAD     WGT            WGTCS          ITER  RES
  1    3.40   0.0593769  0.4521277E-02  0.1283916E+01    51  -.1057012D-10
  2    7.81   0.1362948  0.1049828E-01  0.5686576E+00    50  0.1501483D-11
  3   12.24   0.2136669  0.1642106E-01  0.3652128E+00    56  -.2592670D-11
  4   16.68   0.2911416  0.2224585E-01  0.2699891E+00    53  0.3317482D-11
  5   21.12   0.3686552  0.2793701E-01  0.2151313E+00    51  -.4207428D-11
  6   25.56   0.4461876  0.3346020E-01  0.1796832E+00    54  0.3452214D-11
  7   30.01   0.5237306  0.3878217E-01  0.1550579E+00    48  -.3354652D-12
  8   34.45   0.6012799  0.4387091E-01  0.1370903E+00    58  0.3080321D-11
  9   38.89   0.6788335  0.4869581E-01  0.1235181E+00    46  -.3081849D-11
 10   43.34   0.7563900  0.5322785E-01  0.1130083E+00    53  0.2184451D-13
 11   47.78   0.8339486  0.5743977E-01  0.1047265E+00    52  -.2862402D-11
 12   52.23   0.9115087  0.6130624E-01  0.9812488E-01    45  0.2639778D-11
 13   56.67   0.9890700  0.6480401E-01  0.9283100E-01    51  -.1840379D-11
 14   61.11   1.0666321  0.6791205E-01  0.8858427E-01    49  0.7109118D-12
 15   65.56   1.1441949  0.7061165E-01  0.8519881E-01    54  -.5138006D-12
 16   70.00   1.2217582  0.7288658E-01  0.8254052E-01    55  0.1759687D-11
 17   74.45   1.2993219  0.7472317E-01  0.8051247E-01    47  -.6721753D-12
 18   78.89   1.3768858  0.7611036E-01  0.7904551E-01    53  0.1067468D-11
 19   83.33   1.4544499  0.7703982E-01  0.7809215E-01    57  -.4715298D-12
 20   87.78   1.5320142  0.7750595E-01  0.7762264E-01    49  0.1109227D-11
 IWRITE=           1
0 I   COLAT   COLRAD     WGT            WGTCS          ITER  RES
  1    3.40   0.0593769  0.4521277E-02  0.1283916E+01    51  -.1057012D-10
  2    7.81   0.1362948  0.1049828E-01  0.5686576E+00    50  0.1501483D-11
  3   12.24   0.2136669  0.1642106E-01  0.3652128E+00    56  -.2592670D-11
  4   16.68   0.2911416  0.2224585E-01  0.2699891E+00    53  0.3317482D-11
  5   21.12   0.3686552  0.2793701E-01  0.2151313E+00    51  -.4207428D-11
  6   25.56   0.4461876  0.3346020E-01  0.1796832E+00    54  0.3452214D-11
  7   30.01   0.5237306  0.3878217E-01  0.1550579E+00    48  -.3354652D-12
  8   34.45   0.6012799  0.4387091E-01  0.1370903E+00    58  0.3080321D-11
  9   38.89   0.6788335  0.4869581E-01  0.1235181E+00    46  -.3081849D-11
 10   43.34   0.7563900  0.5322785E-01  0.1130083E+00    53  0.2184451D-13
 11   47.78   0.8339486  0.5743977E-01  0.1047265E+00    52  -.2862402D-11
 12   52.23   0.9115087  0.6130624E-01  0.9812488E-01    45  0.2639778D-11
 13   56.67   0.9890700  0.6480401E-01  0.9283100E-01    51  -.1840379D-11
 14   61.11   1.0666321  0.6791205E-01  0.8858427E-01    49  0.7109118D-12
 15   65.56   1.1441949  0.7061165E-01  0.8519881E-01    54  -.5138006D-12
 16   70.00   1.2217582  0.7288658E-01  0.8254052E-01    55  0.1759687D-11
 17   74.45   1.2993219  0.7472317E-01  0.8051247E-01    47  -.6721753D-12
 18   78.89   1.3768858  0.7611036E-01  0.7904551E-01    53  0.1067468D-11
 19   83.33   1.4544499  0.7703982E-01  0.7809215E-01    57  -.4715298D-12
 20   87.78   1.5320142  0.7750595E-01  0.7762264E-01    49  0.1109227D-11
 IWRITE=           2
0 I   COLAT   COLRAD     WGT            WGTCS          ITER  RES
  1    3.40   0.0593769  0.4521277E-02  0.1283916E+01    51  -.1057012D-10
  2    7.81   0.1362948  0.1049828E-01  0.5686576E+00    50  0.1501483D-11
  3   12.24   0.2136669  0.1642106E-01  0.3652128E+00    56  -.2592670D-11
  4   16.68   0.2911416  0.2224585E-01  0.2699891E+00    53  0.3317482D-11
  5   21.12   0.3686552  0.2793701E-01  0.2151313E+00    51  -.4207428D-11
  6   25.56   0.4461876  0.3346020E-01  0.1796832E+00    54  0.3452214D-11
  7   30.01   0.5237306  0.3878217E-01  0.1550579E+00    48  -.3354652D-12
  8   34.45   0.6012799  0.4387091E-01  0.1370903E+00    58  0.3080321D-11
  9   38.89   0.6788335  0.4869581E-01  0.1235181E+00    46  -.3081849D-11
 10   43.34   0.7563900  0.5322785E-01  0.1130083E+00    53  0.2184451D-13
 11   47.78   0.8339486  0.5743977E-01  0.1047265E+00    52  -.2862402D-11
 12   52.23   0.9115087  0.6130624E-01  0.9812488E-01    45  0.2639778D-11
 13   56.67   0.9890700  0.6480401E-01  0.9283100E-01    51  -.1840379D-11
 14   61.11   1.0666321  0.6791205E-01  0.8858427E-01    49  0.7109118D-12
 15   65.56   1.1441949  0.7061165E-01  0.8519881E-01    54  -.5138006D-12
 16   70.00   1.2217582  0.7288658E-01  0.8254052E-01    55  0.1759687D-11
 17   74.45   1.2993219  0.7472317E-01  0.8051247E-01    47  -.6721753D-12
 18   78.89   1.3768858  0.7611036E-01  0.7904551E-01    53  0.1067468D-11
 19   83.33   1.4544499  0.7703982E-01  0.7809215E-01    57  -.4715298D-12
 20   87.78   1.5320142  0.7750595E-01  0.7762264E-01    49  0.1109227D-11
 IWRITE=           3
0 I   COLAT   COLRAD     WGT            WGTCS          ITER  RES
  1    3.40   0.0593769  0.4521277E-02  0.1283916E+01    51  -.1057012D-10
  2    7.81   0.1362948  0.1049828E-01  0.5686576E+00    50  0.1501483D-11
  3   12.24   0.2136669  0.1642106E-01  0.3652128E+00    56  -.2592670D-11
  4   16.68   0.2911416  0.2224585E-01  0.2699891E+00    53  0.3317482D-11
  5   21.12   0.3686552  0.2793701E-01  0.2151313E+00    51  -.4207428D-11
  6   25.56   0.4461876  0.3346020E-01  0.1796832E+00    54  0.3452214D-11
  7   30.01   0.5237306  0.3878217E-01  0.1550579E+00    48  -.3354652D-12
  8   34.45   0.6012799  0.4387091E-01  0.1370903E+00    58  0.3080321D-11
  9   38.89   0.6788335  0.4869581E-01  0.1235181E+00    46  -.3081849D-11
 10   43.34   0.7563900  0.5322785E-01  0.1130083E+00    53  0.2184451D-13
 11   47.78   0.8339486  0.5743977E-01  0.1047265E+00    52  -.2862402D-11
 12   52.23   0.9115087  0.6130624E-01  0.9812488E-01    45  0.2639778D-11
 13   56.67   0.9890700  0.6480401E-01  0.9283100E-01    51  -.1840379D-11
 14   61.11   1.0666321  0.6791205E-01  0.8858427E-01    49  0.7109118D-12
 15   65.56   1.1441949  0.7061165E-01  0.8519881E-01    54  -.5138006D-12
 16   70.00   1.2217582  0.7288658E-01  0.8254052E-01    55  0.1759687D-11
 17   74.45   1.2993219  0.7472317E-01  0.8051247E-01    47  -.6721753D-12
 18   78.89   1.3768858  0.7611036E-01  0.7904551E-01    53  0.1067468D-11
 19   83.33   1.4544499  0.7703982E-01  0.7809215E-01    57  -.4715298D-12
 20   87.78   1.5320142  0.7750595E-01  0.7762264E-01    49  0.1109227D-11
 IWRITE=           4
0 I   COLAT   COLRAD     WGT            WGTCS          ITER  RES
  1    3.40   0.0593769  0.4521277E-02  0.1283916E+01    51  -.1057012D-10
  2    7.81   0.1362948  0.1049828E-01  0.5686576E+00    50  0.1501483D-11
  3   12.24   0.2136669  0.1642106E-01  0.3652128E+00    56  -.2592670D-11
  4   16.68   0.2911416  0.2224585E-01  0.2699891E+00    53  0.3317482D-11
  5   21.12   0.3686552  0.2793701E-01  0.2151313E+00    51  -.4207428D-11
  6   25.56   0.4461876  0.3346020E-01  0.1796832E+00    54  0.3452214D-11
  7   30.01   0.5237306  0.3878217E-01  0.1550579E+00    48  -.3354652D-12
  8   34.45   0.6012799  0.4387091E-01  0.1370903E+00    58  0.3080321D-11
  9   38.89   0.6788335  0.4869581E-01  0.1235181E+00    46  -.3081849D-11
 10   43.34   0.7563900  0.5322785E-01  0.1130083E+00    53  0.2184451D-13
 11   47.78   0.8339486  0.5743977E-01  0.1047265E+00    52  -.2862402D-11
 12   52.23   0.9115087  0.6130624E-01  0.9812488E-01    45  0.2639778D-11
 13   56.67   0.9890700  0.6480401E-01  0.9283100E-01    51  -.1840379D-11
 14   61.11   1.0666321  0.6791205E-01  0.8858427E-01    49  0.7109118D-12
 15   65.56   1.1441949  0.7061165E-01  0.8519881E-01    54  -.5138006D-12
 16   70.00   1.2217582  0.7288658E-01  0.8254052E-01    55  0.1759687D-11
 17   74.45   1.2993219  0.7472317E-01  0.8051247E-01    47  -.6721753D-12
 18   78.89   1.3768858  0.7611036E-01  0.7904551E-01    53  0.1067468D-11
 19   83.33   1.4544499  0.7703982E-01  0.7809215E-01    57  -.4715298D-12
 20   87.78   1.5320142  0.7750595E-01  0.7762264E-01    49  0.1109227D-11
 IWRITE=           5
0 I   COLAT   COLRAD     WGT            WGTCS          ITER  RES
  1    3.40   0.0593769  0.4521277E-02  0.1283916E+01    51  -.1057012D-10
  2    7.81   0.1362948  0.1049828E-01  0.5686576E+00    50  0.1501483D-11
  3   12.24   0.2136669  0.1642106E-01  0.3652128E+00    56  -.2592670D-11
  4   16.68   0.2911416  0.2224585E-01  0.2699891E+00    53  0.3317482D-11
  5   21.12   0.3686552  0.2793701E-01  0.2151313E+00    51  -.4207428D-11
  6   25.56   0.4461876  0.3346020E-01  0.1796832E+00    54  0.3452214D-11
  7   30.01   0.5237306  0.3878217E-01  0.1550579E+00    48  -.3354652D-12
  8   34.45   0.6012799  0.4387091E-01  0.1370903E+00    58  0.3080321D-11
  9   38.89   0.6788335  0.4869581E-01  0.1235181E+00    46  -.3081849D-11
 10   43.34   0.7563900  0.5322785E-01  0.1130083E+00    53  0.2184451D-13
 11   47.78   0.8339486  0.5743977E-01  0.1047265E+00    52  -.2862402D-11
 12   52.23   0.9115087  0.6130624E-01  0.9812488E-01    45  0.2639778D-11
 13   56.67   0.9890700  0.6480401E-01  0.9283100E-01    51  -.1840379D-11
 14   61.11   1.0666321  0.6791205E-01  0.8858427E-01    49  0.7109118D-12
 15   65.56   1.1441949  0.7061165E-01  0.8519881E-01    54  -.5138006D-12
 16   70.00   1.2217582  0.7288658E-01  0.8254052E-01    55  0.1759687D-11
 17   74.45   1.2993219  0.7472317E-01  0.8051247E-01    47  -.6721753D-12
 18   78.89   1.3768858  0.7611036E-01  0.7904551E-01    53  0.1067468D-11
 19   83.33   1.4544499  0.7703982E-01  0.7809215E-01    57  -.4715298D-12
 20   87.78   1.5320142  0.7750595E-01  0.7762264E-01    49  0.1109227D-11
 IWRITE=           6
0 I   COLAT   COLRAD     WGT            WGTCS          ITER  RES
  1    3.40   0.0593769  0.4521277E-02  0.1283916E+01    51  -.1057012D-10
  2    7.81   0.1362948  0.1049828E-01  0.5686576E+00    50  0.1501483D-11
  3   12.24   0.2136669  0.1642106E-01  0.3652128E+00    56  -.2592670D-11
  4   16.68   0.2911416  0.2224585E-01  0.2699891E+00    53  0.3317482D-11
  5   21.12   0.3686552  0.2793701E-01  0.2151313E+00    51  -.4207428D-11
  6   25.56   0.4461876  0.3346020E-01  0.1796832E+00    54  0.3452214D-11
  7   30.01   0.5237306  0.3878217E-01  0.1550579E+00    48  -.3354652D-12
  8   34.45   0.6012799  0.4387091E-01  0.1370903E+00    58  0.3080321D-11
  9   38.89   0.6788335  0.4869581E-01  0.1235181E+00    46  -.3081849D-11
 10   43.34   0.7563900  0.5322785E-01  0.1130083E+00    53  0.2184451D-13
 11   47.78   0.8339486  0.5743977E-01  0.1047265E+00    52  -.2862402D-11
 12   52.23   0.9115087  0.6130624E-01  0.9812488E-01    45  0.2639778D-11
 13   56.67   0.9890700  0.6480401E-01  0.9283100E-01    51  -.1840379D-11
 14   61.11   1.0666321  0.6791205E-01  0.8858427E-01    49  0.7109118D-12
 15   65.56   1.1441949  0.7061165E-01  0.8519881E-01    54  -.5138006D-12
 16   70.00   1.2217582  0.7288658E-01  0.8254052E-01    55  0.1759687D-11
 17   74.45   1.2993219  0.7472317E-01  0.8051247E-01    47  -.6721753D-12
 18   78.89   1.3768858  0.7611036E-01  0.7904551E-01    53  0.1067468D-11
 19   83.33   1.4544499  0.7703982E-01  0.7809215E-01    57  -.4715298D-12
 20   87.78   1.5320142  0.7750595E-01  0.7762264E-01    49  0.1109227D-11
 IWRITE=           7
0 I   COLAT   COLRAD     WGT            WGTCS          ITER  RES
  1    3.40   0.0593769  0.4521277E-02  0.1283916E+01    51  -.1057012D-10
  2    7.81   0.1362948  0.1049828E-01  0.5686576E+00    50  0.1501483D-11
  3   12.24   0.2136669  0.1642106E-01  0.3652128E+00    56  -.2592670D-11
  4   16.68   0.2911416  0.2224585E-01  0.2699891E+00    53  0.3317482D-11
  5   21.12   0.3686552  0.2793701E-01  0.2151313E+00    51  -.4207428D-11
  6   25.56   0.4461876  0.3346020E-01  0.1796832E+00    54  0.3452214D-11
  7   30.01   0.5237306  0.3878217E-01  0.1550579E+00    48  -.3354652D-12
  8   34.45   0.6012799  0.4387091E-01  0.1370903E+00    58  0.3080321D-11
  9   38.89   0.6788335  0.4869581E-01  0.1235181E+00    46  -.3081849D-11
 10   43.34   0.7563900  0.5322785E-01  0.1130083E+00    53  0.2184451D-13
 11   47.78   0.8339486  0.5743977E-01  0.1047265E+00    52  -.2862402D-11
 12   52.23   0.9115087  0.6130624E-01  0.9812488E-01    45  0.2639778D-11
 13   56.67   0.9890700  0.6480401E-01  0.9283100E-01    51  -.1840379D-11
 14   61.11   1.0666321  0.6791205E-01  0.8858427E-01    49  0.7109118D-12
 15   65.56   1.1441949  0.7061165E-01  0.8519881E-01    54  -.5138006D-12
 16   70.00   1.2217582  0.7288658E-01  0.8254052E-01    55  0.1759687D-11
 17   74.45   1.2993219  0.7472317E-01  0.8051247E-01    47  -.6721753D-12
 18   78.89   1.3768858  0.7611036E-01  0.7904551E-01    53  0.1067468D-11
 19   83.33   1.4544499  0.7703982E-01  0.7809215E-01    57  -.4715298D-12
 20   87.78   1.5320142  0.7750595E-01  0.7762264E-01    49  0.1109227D-11
 IWRITE=           8
0 I   COLAT   COLRAD     WGT            WGTCS          ITER  RES
  1    3.40   0.0593769  0.4521277E-02  0.1283916E+01    51  -.1057012D-10
  2    7.81   0.1362948  0.1049828E-01  0.5686576E+00    50  0.1501483D-11
  3   12.24   0.2136669  0.1642106E-01  0.3652128E+00    56  -.2592670D-11
  4   16.68   0.2911416  0.2224585E-01  0.2699891E+00    53  0.3317482D-11
  5   21.12   0.3686552  0.2793701E-01  0.2151313E+00    51  -.4207428D-11
  6   25.56   0.4461876  0.3346020E-01  0.1796832E+00    54  0.3452214D-11
  7   30.01   0.5237306  0.3878217E-01  0.1550579E+00    48  -.3354652D-12
  8   34.45   0.6012799  0.4387091E-01  0.1370903E+00    58  0.3080321D-11
  9   38.89   0.6788335  0.4869581E-01  0.1235181E+00    46  -.3081849D-11
 10   43.34   0.7563900  0.5322785E-01  0.1130083E+00    53  0.2184451D-13
 11   47.78   0.8339486  0.5743977E-01  0.1047265E+00    52  -.2862402D-11
 12   52.23   0.9115087  0.6130624E-01  0.9812488E-01    45  0.2639778D-11
 13   56.67   0.9890700  0.6480401E-01  0.9283100E-01    51  -.1840379D-11
 14   61.11   1.0666321  0.6791205E-01  0.8858427E-01    49  0.7109118D-12
 15   65.56   1.1441949  0.7061165E-01  0.8519881E-01    54  -.5138006D-12
 16   70.00   1.2217582  0.7288658E-01  0.8254052E-01    55  0.1759687D-11
 17   74.45   1.2993219  0.7472317E-01  0.8051247E-01    47  -.6721753D-12
 18   78.89   1.3768858  0.7611036E-01  0.7904551E-01    53  0.1067468D-11
 19   83.33   1.4544499  0.7703982E-01  0.7809215E-01    57  -.4715298D-12
 20   87.78   1.5320142  0.7750595E-01  0.7762264E-01    49  0.1109227D-11
 IWRITE=           9
0 I   COLAT   COLRAD     WGT            WGTCS          ITER  RES
  1    3.40   0.0593769  0.4521277E-02  0.1283916E+01    51  -.1057012D-10
  2    7.81   0.1362948  0.1049828E-01  0.5686576E+00    50  0.1501483D-11
  3   12.24   0.2136669  0.1642106E-01  0.3652128E+00    56  -.2592670D-11
  4   16.68   0.2911416  0.2224585E-01  0.2699891E+00    53  0.3317482D-11
  5   21.12   0.3686552  0.2793701E-01  0.2151313E+00    51  -.4207428D-11
  6   25.56   0.4461876  0.3346020E-01  0.1796832E+00    54  0.3452214D-11
  7   30.01   0.5237306  0.3878217E-01  0.1550579E+00    48  -.3354652D-12
  8   34.45   0.6012799  0.4387091E-01  0.1370903E+00    58  0.3080321D-11
  9   38.89   0.6788335  0.4869581E-01  0.1235181E+00    46  -.3081849D-11
 10   43.34   0.7563900  0.5322785E-01  0.1130083E+00    53  0.2184451D-13
 11   47.78   0.8339486  0.5743977E-01  0.1047265E+00    52  -.2862402D-11
 12   52.23   0.9115087  0.6130624E-01  0.9812488E-01    45  0.2639778D-11
 13   56.67   0.9890700  0.6480401E-01  0.9283100E-01    51  -.1840379D-11
 14   61.11   1.0666321  0.6791205E-01  0.8858427E-01    49  0.7109118D-12
 15   65.56   1.1441949  0.7061165E-01  0.8519881E-01    54  -.5138006D-12
 16   70.00   1.2217582  0.7288658E-01  0.8254052E-01    55  0.1759687D-11
 17   74.45   1.2993219  0.7472317E-01  0.8051247E-01    47  -.6721753D-12
 18   78.89   1.3768858  0.7611036E-01  0.7904551E-01    53  0.1067468D-11
 19   83.33   1.4544499  0.7703982E-01  0.7809215E-01    57  -.4715298D-12
 20   87.78   1.5320142  0.7750595E-01  0.7762264E-01    49  0.1109227D-11
 IWRITE=          10
0 I   COLAT   COLRAD     WGT            WGTCS          ITER  RES
  1    3.40   0.0593769  0.4521277E-02  0.1283916E+01    51  -.1057012D-10
  2    7.81   0.1362948  0.1049828E-01  0.5686576E+00    50  0.1501483D-11
  3   12.24   0.2136669  0.1642106E-01  0.3652128E+00    56  -.2592670D-11
  4   16.68   0.2911416  0.2224585E-01  0.2699891E+00    53  0.3317482D-11
  5   21.12   0.3686552  0.2793701E-01  0.2151313E+00    51  -.4207428D-11
  6   25.56   0.4461876  0.3346020E-01  0.1796832E+00    54  0.3452214D-11
  7   30.01   0.5237306  0.3878217E-01  0.1550579E+00    48  -.3354652D-12
  8   34.45   0.6012799  0.4387091E-01  0.1370903E+00    58  0.3080321D-11
  9   38.89   0.6788335  0.4869581E-01  0.1235181E+00    46  -.3081849D-11
 10   43.34   0.7563900  0.5322785E-01  0.1130083E+00    53  0.2184451D-13
 11   47.78   0.8339486  0.5743977E-01  0.1047265E+00    52  -.2862402D-11
 12   52.23   0.9115087  0.6130624E-01  0.9812488E-01    45  0.2639778D-11
 13   56.67   0.9890700  0.6480401E-01  0.9283100E-01    51  -.1840379D-11
 14   61.11   1.0666321  0.6791205E-01  0.8858427E-01    49  0.7109118D-12
 15   65.56   1.1441949  0.7061165E-01  0.8519881E-01    54  -.5138006D-12
 16   70.00   1.2217582  0.7288658E-01  0.8254052E-01    55  0.1759687D-11
 17   74.45   1.2993219  0.7472317E-01  0.8051247E-01    47  -.6721753D-12
 18   78.89   1.3768858  0.7611036E-01  0.7904551E-01    53  0.1067468D-11
 19   83.33   1.4544499  0.7703982E-01  0.7809215E-01    57  -.4715298D-12
 20   87.78   1.5320142  0.7750595E-01  0.7762264E-01    49  0.1109227D-11
 IWRITE=          11
0 I   COLAT   COLRAD     WGT            WGTCS          ITER  RES
  1    3.40   0.0593769  0.4521277E-02  0.1283916E+01    51  -.1057012D-10
  2    7.81   0.1362948  0.1049828E-01  0.5686576E+00    50  0.1501483D-11
  3   12.24   0.2136669  0.1642106E-01  0.3652128E+00    56  -.2592670D-11
  4   16.68   0.2911416  0.2224585E-01  0.2699891E+00    53  0.3317482D-11
  5   21.12   0.3686552  0.2793701E-01  0.2151313E+00    51  -.4207428D-11
  6   25.56   0.4461876  0.3346020E-01  0.1796832E+00    54  0.3452214D-11
  7   30.01   0.5237306  0.3878217E-01  0.1550579E+00    48  -.3354652D-12
  8   34.45   0.6012799  0.4387091E-01  0.1370903E+00    58  0.3080321D-11
  9   38.89   0.6788335  0.4869581E-01  0.1235181E+00    46  -.3081849D-11
 10   43.34   0.7563900  0.5322785E-01  0.1130083E+00    53  0.2184451D-13
 11   47.78   0.8339486  0.5743977E-01  0.1047265E+00    52  -.2862402D-11
 12   52.23   0.9115087  0.6130624E-01  0.9812488E-01    45  0.2639778D-11
 13   56.67   0.9890700  0.6480401E-01  0.9283100E-01    51  -.1840379D-11
 14   61.11   1.0666321  0.6791205E-01  0.8858427E-01    49  0.7109118D-12
 15   65.56   1.1441949  0.7061165E-01  0.8519881E-01    54  -.5138006D-12
 16   70.00   1.2217582  0.7288658E-01  0.8254052E-01    55  0.1759687D-11
 17   74.45   1.2993219  0.7472317E-01  0.8051247E-01    47  -.6721753D-12
 18   78.89   1.3768858  0.7611036E-01  0.7904551E-01    53  0.1067468D-11
 19   83.33   1.4544499  0.7703982E-01  0.7809215E-01    57  -.4715298D-12
 20   87.78   1.5320142  0.7750595E-01  0.7762264E-01    49  0.1109227D-11
 IWRITE=          12
0 I   COLAT   COLRAD     WGT            WGTCS          ITER  RES
  1    3.40   0.0593769  0.4521277E-02  0.1283916E+01    51  -.1057012D-10
  2    7.81   0.1362948  0.1049828E-01  0.5686576E+00    50  0.1501483D-11
  3   12.24   0.2136669  0.1642106E-01  0.3652128E+00    56  -.2592670D-11
  4   16.68   0.2911416  0.2224585E-01  0.2699891E+00    53  0.3317482D-11
  5   21.12   0.3686552  0.2793701E-01  0.2151313E+00    51  -.4207428D-11
  6   25.56   0.4461876  0.3346020E-01  0.1796832E+00    54  0.3452214D-11
  7   30.01   0.5237306  0.3878217E-01  0.1550579E+00    48  -.3354652D-12
  8   34.45   0.6012799  0.4387091E-01  0.1370903E+00    58  0.3080321D-11
  9   38.89   0.6788335  0.4869581E-01  0.1235181E+00    46  -.3081849D-11
 10   43.34   0.7563900  0.5322785E-01  0.1130083E+00    53  0.2184451D-13
 11   47.78   0.8339486  0.5743977E-01  0.1047265E+00    52  -.2862402D-11
 12   52.23   0.9115087  0.6130624E-01  0.9812488E-01    45  0.2639778D-11
 13   56.67   0.9890700  0.6480401E-01  0.9283100E-01    51  -.1840379D-11
 14   61.11   1.0666321  0.6791205E-01  0.8858427E-01    49  0.7109118D-12
 15   65.56   1.1441949  0.7061165E-01  0.8519881E-01    54  -.5138006D-12
 16   70.00   1.2217582  0.7288658E-01  0.8254052E-01    55  0.1759687D-11
 17   74.45   1.2993219  0.7472317E-01  0.8051247E-01    47  -.6721753D-12
 18   78.89   1.3768858  0.7611036E-01  0.7904551E-01    53  0.1067468D-11
 19   83.33   1.4544499  0.7703982E-01  0.7809215E-01    57  -.4715298D-12
 20   87.78   1.5320142  0.7750595E-01  0.7762264E-01    49  0.1109227D-11
 IWRITE=          13
0 I   COLAT   COLRAD     WGT            WGTCS          ITER  RES
  1    3.40   0.0593769  0.4521277E-02  0.1283916E+01    51  -.1057012D-10
  2    7.81   0.1362948  0.1049828E-01  0.5686576E+00    50  0.1501483D-11
  3   12.24   0.2136669  0.1642106E-01  0.3652128E+00    56  -.2592670D-11
  4   16.68   0.2911416  0.2224585E-01  0.2699891E+00    53  0.3317482D-11
  5   21.12   0.3686552  0.2793701E-01  0.2151313E+00    51  -.4207428D-11
  6   25.56   0.4461876  0.3346020E-01  0.1796832E+00    54  0.3452214D-11
  7   30.01   0.5237306  0.3878217E-01  0.1550579E+00    48  -.3354652D-12
  8   34.45   0.6012799  0.4387091E-01  0.1370903E+00    58  0.3080321D-11
  9   38.89   0.6788335  0.4869581E-01  0.1235181E+00    46  -.3081849D-11
 10   43.34   0.7563900  0.5322785E-01  0.1130083E+00    53  0.2184451D-13
 11   47.78   0.8339486  0.5743977E-01  0.1047265E+00    52  -.2862402D-11
 12   52.23   0.9115087  0.6130624E-01  0.9812488E-01    45  0.2639778D-11
 13   56.67   0.9890700  0.6480401E-01  0.9283100E-01    51  -.1840379D-11
 14   61.11   1.0666321  0.6791205E-01  0.8858427E-01    49  0.7109118D-12
 15   65.56   1.1441949  0.7061165E-01  0.8519881E-01    54  -.5138006D-12
 16   70.00   1.2217582  0.7288658E-01  0.8254052E-01    55  0.1759687D-11
 17   74.45   1.2993219  0.7472317E-01  0.8051247E-01    47  -.6721753D-12
 18   78.89   1.3768858  0.7611036E-01  0.7904551E-01    53  0.1067468D-11
 19   83.33   1.4544499  0.7703982E-01  0.7809215E-01    57  -.4715298D-12
 20   87.78   1.5320142  0.7750595E-01  0.7762264E-01    49  0.1109227D-11
 IWRITE=          14
0 I   COLAT   COLRAD     WGT            WGTCS          ITER  RES
  1    3.40   0.0593769  0.4521277E-02  0.1283916E+01    51  -.1057012D-10
  2    7.81   0.1362948  0.1049828E-01  0.5686576E+00    50  0.1501483D-11
  3   12.24   0.2136669  0.1642106E-01  0.3652128E+00    56  -.2592670D-11
  4   16.68   0.2911416  0.2224585E-01  0.2699891E+00    53  0.3317482D-11
  5   21.12   0.3686552  0.2793701E-01  0.2151313E+00    51  -.4207428D-11
  6   25.56   0.4461876  0.3346020E-01  0.1796832E+00    54  0.3452214D-11
  7   30.01   0.5237306  0.3878217E-01  0.1550579E+00    48  -.3354652D-12
  8   34.45   0.6012799  0.4387091E-01  0.1370903E+00    58  0.3080321D-11
  9   38.89   0.6788335  0.4869581E-01  0.1235181E+00    46  -.3081849D-11
 10   43.34   0.7563900  0.5322785E-01  0.1130083E+00    53  0.2184451D-13
 11   47.78   0.8339486  0.5743977E-01  0.1047265E+00    52  -.2862402D-11
 12   52.23   0.9115087  0.6130624E-01  0.9812488E-01    45  0.2639778D-11
 13   56.67   0.9890700  0.6480401E-01  0.9283100E-01    51  -.1840379D-11
 14   61.11   1.0666321  0.6791205E-01  0.8858427E-01    49  0.7109118D-12
 15   65.56   1.1441949  0.7061165E-01  0.8519881E-01    54  -.5138006D-12
 16   70.00   1.2217582  0.7288658E-01  0.8254052E-01    55  0.1759687D-11
 17   74.45   1.2993219  0.7472317E-01  0.8051247E-01    47  -.6721753D-12
 18   78.89   1.3768858  0.7611036E-01  0.7904551E-01    53  0.1067468D-11
 19   83.33   1.4544499  0.7703982E-01  0.7809215E-01    57  -.4715298D-12
 20   87.78   1.5320142  0.7750595E-01  0.7762264E-01    49  0.1109227D-11
 IWRITE=          15
0 I   COLAT   COLRAD     WGT            WGTCS          ITER  RES
  1    3.40   0.0593769  0.4521277E-02  0.1283916E+01    51  -.1057012D-10
  2    7.81   0.1362948  0.1049828E-01  0.5686576E+00    50  0.1501483D-11
  3   12.24   0.2136669  0.1642106E-01  0.3652128E+00    56  -.2592670D-11
  4   16.68   0.2911416  0.2224585E-01  0.2699891E+00    53  0.3317482D-11
  5   21.12   0.3686552  0.2793701E-01  0.2151313E+00    51  -.4207428D-11
  6   25.56   0.4461876  0.3346020E-01  0.1796832E+00    54  0.3452214D-11
  7   30.01   0.5237306  0.3878217E-01  0.1550579E+00    48  -.3354652D-12
  8   34.45   0.6012799  0.4387091E-01  0.1370903E+00    58  0.3080321D-11
  9   38.89   0.6788335  0.4869581E-01  0.1235181E+00    46  -.3081849D-11
 10   43.34   0.7563900  0.5322785E-01  0.1130083E+00    53  0.2184451D-13
 11   47.78   0.8339486  0.5743977E-01  0.1047265E+00    52  -.2862402D-11
 12   52.23   0.9115087  0.6130624E-01  0.9812488E-01    45  0.2639778D-11
 13   56.67   0.9890700  0.6480401E-01  0.9283100E-01    51  -.1840379D-11
 14   61.11   1.0666321  0.6791205E-01  0.8858427E-01    49  0.7109118D-12
 15   65.56   1.1441949  0.7061165E-01  0.8519881E-01    54  -.5138006D-12
 16   70.00   1.2217582  0.7288658E-01  0.8254052E-01    55  0.1759687D-11
 17   74.45   1.2993219  0.7472317E-01  0.8051247E-01    47  -.6721753D-12
 18   78.89   1.3768858  0.7611036E-01  0.7904551E-01    53  0.1067468D-11
 19   83.33   1.4544499  0.7703982E-01  0.7809215E-01    57  -.4715298D-12
 20   87.78   1.5320142  0.7750595E-01  0.7762264E-01    49  0.1109227D-11
 IWRITE=          16
0 I   COLAT   COLRAD     WGT            WGTCS          ITER  RES
  1    3.40   0.0593769  0.4521277E-02  0.1283916E+01    51  -.1057012D-10
  2    7.81   0.1362948  0.1049828E-01  0.5686576E+00    50  0.1501483D-11
  3   12.24   0.2136669  0.1642106E-01  0.3652128E+00    56  -.2592670D-11
  4   16.68   0.2911416  0.2224585E-01  0.2699891E+00    53  0.3317482D-11
  5   21.12   0.3686552  0.2793701E-01  0.2151313E+00    51  -.4207428D-11
  6   25.56   0.4461876  0.3346020E-01  0.1796832E+00    54  0.3452214D-11
  7   30.01   0.5237306  0.3878217E-01  0.1550579E+00    48  -.3354652D-12
  8   34.45   0.6012799  0.4387091E-01  0.1370903E+00    58  0.3080321D-11
  9   38.89   0.6788335  0.4869581E-01  0.1235181E+00    46  -.3081849D-11
 10   43.34   0.7563900  0.5322785E-01  0.1130083E+00    53  0.2184451D-13
 11   47.78   0.8339486  0.5743977E-01  0.1047265E+00    52  -.2862402D-11
 12   52.23   0.9115087  0.6130624E-01  0.9812488E-01    45  0.2639778D-11
 13   56.67   0.9890700  0.6480401E-01  0.9283100E-01    51  -.1840379D-11
 14   61.11   1.0666321  0.6791205E-01  0.8858427E-01    49  0.7109118D-12
 15   65.56   1.1441949  0.7061165E-01  0.8519881E-01    54  -.5138006D-12
 16   70.00   1.2217582  0.7288658E-01  0.8254052E-01    55  0.1759687D-11
 17   74.45   1.2993219  0.7472317E-01  0.8051247E-01    47  -.6721753D-12
 18   78.89   1.3768858  0.7611036E-01  0.7904551E-01    53  0.1067468D-11
 19   83.33   1.4544499  0.7703982E-01  0.7809215E-01    57  -.4715298D-12
 20   87.78   1.5320142  0.7750595E-01  0.7762264E-01    49  0.1109227D-11
 IWRITE=          17
0 I   COLAT   COLRAD     WGT            WGTCS          ITER  RES
  1    3.40   0.0593769  0.4521277E-02  0.1283916E+01    51  -.1057012D-10
  2    7.81   0.1362948  0.1049828E-01  0.5686576E+00    50  0.1501483D-11
  3   12.24   0.2136669  0.1642106E-01  0.3652128E+00    56  -.2592670D-11
  4   16.68   0.2911416  0.2224585E-01  0.2699891E+00    53  0.3317482D-11
  5   21.12   0.3686552  0.2793701E-01  0.2151313E+00    51  -.4207428D-11
  6   25.56   0.4461876  0.3346020E-01  0.1796832E+00    54  0.3452214D-11
  7   30.01   0.5237306  0.3878217E-01  0.1550579E+00    48  -.3354652D-12
  8   34.45   0.6012799  0.4387091E-01  0.1370903E+00    58  0.3080321D-11
  9   38.89   0.6788335  0.4869581E-01  0.1235181E+00    46  -.3081849D-11
 10   43.34   0.7563900  0.5322785E-01  0.1130083E+00    53  0.2184451D-13
 11   47.78   0.8339486  0.5743977E-01  0.1047265E+00    52  -.2862402D-11
 12   52.23   0.9115087  0.6130624E-01  0.9812488E-01    45  0.2639778D-11
 13   56.67   0.9890700  0.6480401E-01  0.9283100E-01    51  -.1840379D-11
 14   61.11   1.0666321  0.6791205E-01  0.8858427E-01    49  0.7109118D-12
 15   65.56   1.1441949  0.7061165E-01  0.8519881E-01    54  -.5138006D-12
 16   70.00   1.2217582  0.7288658E-01  0.8254052E-01    55  0.1759687D-11
 17   74.45   1.2993219  0.7472317E-01  0.8051247E-01    47  -.6721753D-12
 18   78.89   1.3768858  0.7611036E-01  0.7904551E-01    53  0.1067468D-11
 19   83.33   1.4544499  0.7703982E-01  0.7809215E-01    57  -.4715298D-12
 20   87.78   1.5320142  0.7750595E-01  0.7762264E-01    49  0.1109227D-11
 IWRITE=          18
0 I   COLAT   COLRAD     WGT            WGTCS          ITER  RES
  1    3.40   0.0593769  0.4521277E-02  0.1283916E+01    51  -.1057012D-10
  2    7.81   0.1362948  0.1049828E-01  0.5686576E+00    50  0.1501483D-11
  3   12.24   0.2136669  0.1642106E-01  0.3652128E+00    56  -.2592670D-11
  4   16.68   0.2911416  0.2224585E-01  0.2699891E+00    53  0.3317482D-11
  5   21.12   0.3686552  0.2793701E-01  0.2151313E+00    51  -.4207428D-11
  6   25.56   0.4461876  0.3346020E-01  0.1796832E+00    54  0.3452214D-11
  7   30.01   0.5237306  0.3878217E-01  0.1550579E+00    48  -.3354652D-12
  8   34.45   0.6012799  0.4387091E-01  0.1370903E+00    58  0.3080321D-11
  9   38.89   0.6788335  0.4869581E-01  0.1235181E+00    46  -.3081849D-11
 10   43.34   0.7563900  0.5322785E-01  0.1130083E+00    53  0.2184451D-13
 11   47.78   0.8339486  0.5743977E-01  0.1047265E+00    52  -.2862402D-11
 12   52.23   0.9115087  0.6130624E-01  0.9812488E-01    45  0.2639778D-11
 13   56.67   0.9890700  0.6480401E-01  0.9283100E-01    51  -.1840379D-11
 14   61.11   1.0666321  0.6791205E-01  0.8858427E-01    49  0.7109118D-12
 15   65.56   1.1441949  0.7061165E-01  0.8519881E-01    54  -.5138006D-12
 16   70.00   1.2217582  0.7288658E-01  0.8254052E-01    55  0.1759687D-11
 17   74.45   1.2993219  0.7472317E-01  0.8051247E-01    47  -.6721753D-12
 18   78.89   1.3768858  0.7611036E-01  0.7904551E-01    53  0.1067468D-11
 19   83.33   1.4544499  0.7703982E-01  0.7809215E-01    57  -.4715298D-12
 20   87.78   1.5320142  0.7750595E-01  0.7762264E-01    49  0.1109227D-11
 IWRITE=          19
0 I   COLAT   COLRAD     WGT            WGTCS          ITER  RES
  1    3.40   0.0593769  0.4521277E-02  0.1283916E+01    51  -.1057012D-10
  2    7.81   0.1362948  0.1049828E-01  0.5686576E+00    50  0.1501483D-11
  3   12.24   0.2136669  0.1642106E-01  0.3652128E+00    56  -.2592670D-11
  4   16.68   0.2911416  0.2224585E-01  0.2699891E+00    53  0.3317482D-11
  5   21.12   0.3686552  0.2793701E-01  0.2151313E+00    51  -.4207428D-11
  6   25.56   0.4461876  0.3346020E-01  0.1796832E+00    54  0.3452214D-11
  7   30.01   0.5237306  0.3878217E-01  0.1550579E+00    48  -.3354652D-12
  8   34.45   0.6012799  0.4387091E-01  0.1370903E+00    58  0.3080321D-11
  9   38.89   0.6788335  0.4869581E-01  0.1235181E+00    46  -.3081849D-11
 10   43.34   0.7563900  0.5322785E-01  0.1130083E+00    53  0.2184451D-13
 11   47.78   0.8339486  0.5743977E-01  0.1047265E+00    52  -.2862402D-11
 12   52.23   0.9115087  0.6130624E-01  0.9812488E-01    45  0.2639778D-11
 13   56.67   0.9890700  0.6480401E-01  0.9283100E-01    51  -.1840379D-11
 14   61.11   1.0666321  0.6791205E-01  0.8858427E-01    49  0.7109118D-12
 15   65.56   1.1441949  0.7061165E-01  0.8519881E-01    54  -.5138006D-12
 16   70.00   1.2217582  0.7288658E-01  0.8254052E-01    55  0.1759687D-11
 17   74.45   1.2993219  0.7472317E-01  0.8051247E-01    47  -.6721753D-12
 18   78.89   1.3768858  0.7611036E-01  0.7904551E-01    53  0.1067468D-11
 19   83.33   1.4544499  0.7703982E-01  0.7809215E-01    57  -.4715298D-12
 20   87.78   1.5320142  0.7750595E-01  0.7762264E-01    49  0.1109227D-11
 IWRITE=          20
0 I   COLAT   COLRAD     WGT            WGTCS          ITER  RES
  1    3.40   0.0593769  0.4521277E-02  0.1283916E+01    51  -.1057012D-10
  2    7.81   0.1362948  0.1049828E-01  0.5686576E+00    50  0.1501483D-11
  3   12.24   0.2136669  0.1642106E-01  0.3652128E+00    56  -.2592670D-11
  4   16.68   0.2911416  0.2224585E-01  0.2699891E+00    53  0.3317482D-11
  5   21.12   0.3686552  0.2793701E-01  0.2151313E+00    51  -.4207428D-11
  6   25.56   0.4461876  0.3346020E-01  0.1796832E+00    54  0.3452214D-11
  7   30.01   0.5237306  0.3878217E-01  0.1550579E+00    48  -.3354652D-12
  8   34.45   0.6012799  0.4387091E-01  0.1370903E+00    58  0.3080321D-11
  9   38.89   0.6788335  0.4869581E-01  0.1235181E+00    46  -.3081849D-11
 10   43.34   0.7563900  0.5322785E-01  0.1130083E+00    53  0.2184451D-13
 11   47.78   0.8339486  0.5743977E-01  0.1047265E+00    52  -.2862402D-11
 12   52.23   0.9115087  0.6130624E-01  0.9812488E-01    45  0.2639778D-11
 13   56.67   0.9890700  0.6480401E-01  0.9283100E-01    51  -.1840379D-11
 14   61.11   1.0666321  0.6791205E-01  0.8858427E-01    49  0.7109118D-12
 15   65.56   1.1441949  0.7061165E-01  0.8519881E-01    54  -.5138006D-12
 16   70.00   1.2217582  0.7288658E-01  0.8254052E-01    55  0.1759687D-11
 17   74.45   1.2993219  0.7472317E-01  0.8051247E-01    47  -.6721753D-12
 18   78.89   1.3768858  0.7611036E-01  0.7904551E-01    53  0.1067468D-11
 19   83.33   1.4544499  0.7703982E-01  0.7809215E-01    57  -.4715298D-12
 20   87.78   1.5320142  0.7750595E-01  0.7762264E-01    49  0.1109227D-11
 IWRITE=          21
0 I   COLAT   COLRAD     WGT            WGTCS          ITER  RES
  1    3.40   0.0593769  0.4521277E-02  0.1283916E+01    51  -.1057012D-10
  2    7.81   0.1362948  0.1049828E-01  0.5686576E+00    50  0.1501483D-11
  3   12.24   0.2136669  0.1642106E-01  0.3652128E+00    56  -.2592670D-11
  4   16.68   0.2911416  0.2224585E-01  0.2699891E+00    53  0.3317482D-11
  5   21.12   0.3686552  0.2793701E-01  0.2151313E+00    51  -.4207428D-11
  6   25.56   0.4461876  0.3346020E-01  0.1796832E+00    54  0.3452214D-11
  7   30.01   0.5237306  0.3878217E-01  0.1550579E+00    48  -.3354652D-12
  8   34.45   0.6012799  0.4387091E-01  0.1370903E+00    58  0.3080321D-11
  9   38.89   0.6788335  0.4869581E-01  0.1235181E+00    46  -.3081849D-11
 10   43.34   0.7563900  0.5322785E-01  0.1130083E+00    53  0.2184451D-13
 11   47.78   0.8339486  0.5743977E-01  0.1047265E+00    52  -.2862402D-11
 12   52.23   0.9115087  0.6130624E-01  0.9812488E-01    45  0.2639778D-11
 13   56.67   0.9890700  0.6480401E-01  0.9283100E-01    51  -.1840379D-11
 14   61.11   1.0666321  0.6791205E-01  0.8858427E-01    49  0.7109118D-12
 15   65.56   1.1441949  0.7061165E-01  0.8519881E-01    54  -.5138006D-12
 16   70.00   1.2217582  0.7288658E-01  0.8254052E-01    55  0.1759687D-11
 17   74.45   1.2993219  0.7472317E-01  0.8051247E-01    47  -.6721753D-12
 18   78.89   1.3768858  0.7611036E-01  0.7904551E-01    53  0.1067468D-11
 19   83.33   1.4544499  0.7703982E-01  0.7809215E-01    57  -.4715298D-12
 20   87.78   1.5320142  0.7750595E-01  0.7762264E-01    49  0.1109227D-11
 IWRITE=          22
0 I   COLAT   COLRAD     WGT            WGTCS          ITER  RES
  1    3.40   0.0593769  0.4521277E-02  0.1283916E+01    51  -.1057012D-10
  2    7.81   0.1362948  0.1049828E-01  0.5686576E+00    50  0.1501483D-11
  3   12.24   0.2136669  0.1642106E-01  0.3652128E+00    56  -.2592670D-11
  4   16.68   0.2911416  0.2224585E-01  0.2699891E+00    53  0.3317482D-11
  5   21.12   0.3686552  0.2793701E-01  0.2151313E+00    51  -.4207428D-11
  6   25.56   0.4461876  0.3346020E-01  0.1796832E+00    54  0.3452214D-11
  7   30.01   0.5237306  0.3878217E-01  0.1550579E+00    48  -.3354652D-12
  8   34.45   0.6012799  0.4387091E-01  0.1370903E+00    58  0.3080321D-11
  9   38.89   0.6788335  0.4869581E-01  0.1235181E+00    46  -.3081849D-11
 10   43.34   0.7563900  0.5322785E-01  0.1130083E+00    53  0.2184451D-13
 11   47.78   0.8339486  0.5743977E-01  0.1047265E+00    52  -.2862402D-11
 12   52.23   0.9115087  0.6130624E-01  0.9812488E-01    45  0.2639778D-11
 13   56.67   0.9890700  0.6480401E-01  0.9283100E-01    51  -.1840379D-11
 14   61.11   1.0666321  0.6791205E-01  0.8858427E-01    49  0.7109118D-12
 15   65.56   1.1441949  0.7061165E-01  0.8519881E-01    54  -.5138006D-12
 16   70.00   1.2217582  0.7288658E-01  0.8254052E-01    55  0.1759687D-11
 17   74.45   1.2993219  0.7472317E-01  0.8051247E-01    47  -.6721753D-12
 18   78.89   1.3768858  0.7611036E-01  0.7904551E-01    53  0.1067468D-11
 19   83.33   1.4544499  0.7703982E-01  0.7809215E-01    57  -.4715298D-12
 20   87.78   1.5320142  0.7750595E-01  0.7762264E-01    49  0.1109227D-11
 IWRITE=          23
0 I   COLAT   COLRAD     WGT            WGTCS          ITER  RES
  1    3.40   0.0593769  0.4521277E-02  0.1283916E+01    51  -.1057012D-10
  2    7.81   0.1362948  0.1049828E-01  0.5686576E+00    50  0.1501483D-11
  3   12.24   0.2136669  0.1642106E-01  0.3652128E+00    56  -.2592670D-11
  4   16.68   0.2911416  0.2224585E-01  0.2699891E+00    53  0.3317482D-11
  5   21.12   0.3686552  0.2793701E-01  0.2151313E+00    51  -.4207428D-11
  6   25.56   0.4461876  0.3346020E-01  0.1796832E+00    54  0.3452214D-11
  7   30.01   0.5237306  0.3878217E-01  0.1550579E+00    48  -.3354652D-12
  8   34.45   0.6012799  0.4387091E-01  0.1370903E+00    58  0.3080321D-11
  9   38.89   0.6788335  0.4869581E-01  0.1235181E+00    46  -.3081849D-11
 10   43.34   0.7563900  0.5322785E-01  0.1130083E+00    53  0.2184451D-13
 11   47.78   0.8339486  0.5743977E-01  0.1047265E+00    52  -.2862402D-11
 12   52.23   0.9115087  0.6130624E-01  0.9812488E-01    45  0.2639778D-11
 13   56.67   0.9890700  0.6480401E-01  0.9283100E-01    51  -.1840379D-11
 14   61.11   1.0666321  0.6791205E-01  0.8858427E-01    49  0.7109118D-12
 15   65.56   1.1441949  0.7061165E-01  0.8519881E-01    54  -.5138006D-12
 16   70.00   1.2217582  0.7288658E-01  0.8254052E-01    55  0.1759687D-11
 17   74.45   1.2993219  0.7472317E-01  0.8051247E-01    47  -.6721753D-12
 18   78.89   1.3768858  0.7611036E-01  0.7904551E-01    53  0.1067468D-11
 19   83.33   1.4544499  0.7703982E-01  0.7809215E-01    57  -.4715298D-12
 20   87.78   1.5320142  0.7750595E-01  0.7762264E-01    49  0.1109227D-11
 IWRITE=          24
0 I   COLAT   COLRAD     WGT            WGTCS          ITER  RES
  1    3.40   0.0593769  0.4521277E-02  0.1283916E+01    51  -.1057012D-10
  2    7.81   0.1362948  0.1049828E-01  0.5686576E+00    50  0.1501483D-11
  3   12.24   0.2136669  0.1642106E-01  0.3652128E+00    56  -.2592670D-11
  4   16.68   0.2911416  0.2224585E-01  0.2699891E+00    53  0.3317482D-11
  5   21.12   0.3686552  0.2793701E-01  0.2151313E+00    51  -.4207428D-11
  6   25.56   0.4461876  0.3346020E-01  0.1796832E+00    54  0.3452214D-11
  7   30.01   0.5237306  0.3878217E-01  0.1550579E+00    48  -.3354652D-12
  8   34.45   0.6012799  0.4387091E-01  0.1370903E+00    58  0.3080321D-11
  9   38.89   0.6788335  0.4869581E-01  0.1235181E+00    46  -.3081849D-11
 10   43.34   0.7563900  0.5322785E-01  0.1130083E+00    53  0.2184451D-13
 11   47.78   0.8339486  0.5743977E-01  0.1047265E+00    52  -.2862402D-11
 12   52.23   0.9115087  0.6130624E-01  0.9812488E-01    45  0.2639778D-11
 13   56.67   0.9890700  0.6480401E-01  0.9283100E-01    51  -.1840379D-11
 14   61.11   1.0666321  0.6791205E-01  0.8858427E-01    49  0.7109118D-12
 15   65.56   1.1441949  0.7061165E-01  0.8519881E-01    54  -.5138006D-12
 16   70.00   1.2217582  0.7288658E-01  0.8254052E-01    55  0.1759687D-11
 17   74.45   1.2993219  0.7472317E-01  0.8051247E-01    47  -.6721753D-12
 18   78.89   1.3768858  0.7611036E-01  0.7904551E-01    53  0.1067468D-11
 19   83.33   1.4544499  0.7703982E-01  0.7809215E-01    57  -.4715298D-12
 20   87.78   1.5320142  0.7750595E-01  0.7762264E-01    49  0.1109227D-11
 IWRITE=          25
0 I   COLAT   COLRAD     WGT            WGTCS          ITER  RES
  1    3.40   0.0593769  0.4521277E-02  0.1283916E+01    51  -.1057012D-10
  2    7.81   0.1362948  0.1049828E-01  0.5686576E+00    50  0.1501483D-11
  3   12.24   0.2136669  0.1642106E-01  0.3652128E+00    56  -.2592670D-11
  4   16.68   0.2911416  0.2224585E-01  0.2699891E+00    53  0.3317482D-11
  5   21.12   0.3686552  0.2793701E-01  0.2151313E+00    51  -.4207428D-11
  6   25.56   0.4461876  0.3346020E-01  0.1796832E+00    54  0.3452214D-11
  7   30.01   0.5237306  0.3878217E-01  0.1550579E+00    48  -.3354652D-12
  8   34.45   0.6012799  0.4387091E-01  0.1370903E+00    58  0.3080321D-11
  9   38.89   0.6788335  0.4869581E-01  0.1235181E+00    46  -.3081849D-11
 10   43.34   0.7563900  0.5322785E-01  0.1130083E+00    53  0.2184451D-13
 11   47.78   0.8339486  0.5743977E-01  0.1047265E+00    52  -.2862402D-11
 12   52.23   0.9115087  0.6130624E-01  0.9812488E-01    45  0.2639778D-11
 13   56.67   0.9890700  0.6480401E-01  0.9283100E-01    51  -.1840379D-11
 14   61.11   1.0666321  0.6791205E-01  0.8858427E-01    49  0.7109118D-12
 15   65.56   1.1441949  0.7061165E-01  0.8519881E-01    54  -.5138006D-12
 16   70.00   1.2217582  0.7288658E-01  0.8254052E-01    55  0.1759687D-11
 17   74.45   1.2993219  0.7472317E-01  0.8051247E-01    47  -.6721753D-12
 18   78.89   1.3768858  0.7611036E-01  0.7904551E-01    53  0.1067468D-11
 19   83.33   1.4544499  0.7703982E-01  0.7809215E-01    57  -.4715298D-12
 20   87.78   1.5320142  0.7750595E-01  0.7762264E-01    49  0.1109227D-11
 IWRITE=          26
0 I   COLAT   COLRAD     WGT            WGTCS          ITER  RES
  1    3.40   0.0593769  0.4521277E-02  0.1283916E+01    51  -.1057012D-10
  2    7.81   0.1362948  0.1049828E-01  0.5686576E+00    50  0.1501483D-11
  3   12.24   0.2136669  0.1642106E-01  0.3652128E+00    56  -.2592670D-11
  4   16.68   0.2911416  0.2224585E-01  0.2699891E+00    53  0.3317482D-11
  5   21.12   0.3686552  0.2793701E-01  0.2151313E+00    51  -.4207428D-11
  6   25.56   0.4461876  0.3346020E-01  0.1796832E+00    54  0.3452214D-11
  7   30.01   0.5237306  0.3878217E-01  0.1550579E+00    48  -.3354652D-12
  8   34.45   0.6012799  0.4387091E-01  0.1370903E+00    58  0.3080321D-11
  9   38.89   0.6788335  0.4869581E-01  0.1235181E+00    46  -.3081849D-11
 10   43.34   0.7563900  0.5322785E-01  0.1130083E+00    53  0.2184451D-13
 11   47.78   0.8339486  0.5743977E-01  0.1047265E+00    52  -.2862402D-11
 12   52.23   0.9115087  0.6130624E-01  0.9812488E-01    45  0.2639778D-11
 13   56.67   0.9890700  0.6480401E-01  0.9283100E-01    51  -.1840379D-11
 14   61.11   1.0666321  0.6791205E-01  0.8858427E-01    49  0.7109118D-12
 15   65.56   1.1441949  0.7061165E-01  0.8519881E-01    54  -.5138006D-12
 16   70.00   1.2217582  0.7288658E-01  0.8254052E-01    55  0.1759687D-11
 17   74.45   1.2993219  0.7472317E-01  0.8051247E-01    47  -.6721753D-12
 18   78.89   1.3768858  0.7611036E-01  0.7904551E-01    53  0.1067468D-11
 19   83.33   1.4544499  0.7703982E-01  0.7809215E-01    57  -.4715298D-12
 20   87.78   1.5320142  0.7750595E-01  0.7762264E-01    49  0.1109227D-11
 IWRITE=          27
0 I   COLAT   COLRAD     WGT            WGTCS          ITER  RES
  1    3.40   0.0593769  0.4521277E-02  0.1283916E+01    51  -.1057012D-10
  2    7.81   0.1362948  0.1049828E-01  0.5686576E+00    50  0.1501483D-11
  3   12.24   0.2136669  0.1642106E-01  0.3652128E+00    56  -.2592670D-11
  4   16.68   0.2911416  0.2224585E-01  0.2699891E+00    53  0.3317482D-11
  5   21.12   0.3686552  0.2793701E-01  0.2151313E+00    51  -.4207428D-11
  6   25.56   0.4461876  0.3346020E-01  0.1796832E+00    54  0.3452214D-11
  7   30.01   0.5237306  0.3878217E-01  0.1550579E+00    48  -.3354652D-12
  8   34.45   0.6012799  0.4387091E-01  0.1370903E+00    58  0.3080321D-11
  9   38.89   0.6788335  0.4869581E-01  0.1235181E+00    46  -.3081849D-11
 10   43.34   0.7563900  0.5322785E-01  0.1130083E+00    53  0.2184451D-13
 11   47.78   0.8339486  0.5743977E-01  0.1047265E+00    52  -.2862402D-11
 12   52.23   0.9115087  0.6130624E-01  0.9812488E-01    45  0.2639778D-11
 13   56.67   0.9890700  0.6480401E-01  0.9283100E-01    51  -.1840379D-11
 14   61.11   1.0666321  0.6791205E-01  0.8858427E-01    49  0.7109118D-12
 15   65.56   1.1441949  0.7061165E-01  0.8519881E-01    54  -.5138006D-12
 16   70.00   1.2217582  0.7288658E-01  0.8254052E-01    55  0.1759687D-11
 17   74.45   1.2993219  0.7472317E-01  0.8051247E-01    47  -.6721753D-12
 18   78.89   1.3768858  0.7611036E-01  0.7904551E-01    53  0.1067468D-11
 19   83.33   1.4544499  0.7703982E-01  0.7809215E-01    57  -.4715298D-12
 20   87.78   1.5320142  0.7750595E-01  0.7762264E-01    49  0.1109227D-11
 IWRITE=          28
0 I   COLAT   COLRAD     WGT            WGTCS          ITER  RES
  1    3.40   0.0593769  0.4521277E-02  0.1283916E+01    51  -.1057012D-10
  2    7.81   0.1362948  0.1049828E-01  0.5686576E+00    50  0.1501483D-11
  3   12.24   0.2136669  0.1642106E-01  0.3652128E+00    56  -.2592670D-11
  4   16.68   0.2911416  0.2224585E-01  0.2699891E+00    53  0.3317482D-11
  5   21.12   0.3686552  0.2793701E-01  0.2151313E+00    51  -.4207428D-11
  6   25.56   0.4461876  0.3346020E-01  0.1796832E+00    54  0.3452214D-11
  7   30.01   0.5237306  0.3878217E-01  0.1550579E+00    48  -.3354652D-12
  8   34.45   0.6012799  0.4387091E-01  0.1370903E+00    58  0.3080321D-11
  9   38.89   0.6788335  0.4869581E-01  0.1235181E+00    46  -.3081849D-11
 10   43.34   0.7563900  0.5322785E-01  0.1130083E+00    53  0.2184451D-13
 11   47.78   0.8339486  0.5743977E-01  0.1047265E+00    52  -.2862402D-11
 12   52.23   0.9115087  0.6130624E-01  0.9812488E-01    45  0.2639778D-11
 13   56.67   0.9890700  0.6480401E-01  0.9283100E-01    51  -.1840379D-11
 14   61.11   1.0666321  0.6791205E-01  0.8858427E-01    49  0.7109118D-12
 15   65.56   1.1441949  0.7061165E-01  0.8519881E-01    54  -.5138006D-12
 16   70.00   1.2217582  0.7288658E-01  0.8254052E-01    55  0.1759687D-11
 17   74.45   1.2993219  0.7472317E-01  0.8051247E-01    47  -.6721753D-12
 18   78.89   1.3768858  0.7611036E-01  0.7904551E-01    53  0.1067468D-11
 19   83.33   1.4544499  0.7703982E-01  0.7809215E-01    57  -.4715298D-12
 20   87.78   1.5320142  0.7750595E-01  0.7762264E-01    49  0.1109227D-11
 IWRITE=          29
0 I   COLAT   COLRAD     WGT            WGTCS          ITER  RES
  1    3.40   0.0593769  0.4521277E-02  0.1283916E+01    51  -.1057012D-10
  2    7.81   0.1362948  0.1049828E-01  0.5686576E+00    50  0.1501483D-11
  3   12.24   0.2136669  0.1642106E-01  0.3652128E+00    56  -.2592670D-11
  4   16.68   0.2911416  0.2224585E-01  0.2699891E+00    53  0.3317482D-11
  5   21.12   0.3686552  0.2793701E-01  0.2151313E+00    51  -.4207428D-11
  6   25.56   0.4461876  0.3346020E-01  0.1796832E+00    54  0.3452214D-11
  7   30.01   0.5237306  0.3878217E-01  0.1550579E+00    48  -.3354652D-12
  8   34.45   0.6012799  0.4387091E-01  0.1370903E+00    58  0.3080321D-11
  9   38.89   0.6788335  0.4869581E-01  0.1235181E+00    46  -.3081849D-11
 10   43.34   0.7563900  0.5322785E-01  0.1130083E+00    53  0.2184451D-13
 11   47.78   0.8339486  0.5743977E-01  0.1047265E+00    52  -.2862402D-11
 12   52.23   0.9115087  0.6130624E-01  0.9812488E-01    45  0.2639778D-11
 13   56.67   0.9890700  0.6480401E-01  0.9283100E-01    51  -.1840379D-11
 14   61.11   1.0666321  0.6791205E-01  0.8858427E-01    49  0.7109118D-12
 15   65.56   1.1441949  0.7061165E-01  0.8519881E-01    54  -.5138006D-12
 16   70.00   1.2217582  0.7288658E-01  0.8254052E-01    55  0.1759687D-11
 17   74.45   1.2993219  0.7472317E-01  0.8051247E-01    47  -.6721753D-12
 18   78.89   1.3768858  0.7611036E-01  0.7904551E-01    53  0.1067468D-11
 19   83.33   1.4544499  0.7703982E-01  0.7809215E-01    57  -.4715298D-12
 20   87.78   1.5320142  0.7750595E-01  0.7762264E-01    49  0.1109227D-11
 IWRITE=          30
0 I   COLAT   COLRAD     WGT            WGTCS          ITER  RES
  1    3.40   0.0593769  0.4521277E-02  0.1283916E+01    51  -.1057012D-10
  2    7.81   0.1362948  0.1049828E-01  0.5686576E+00    50  0.1501483D-11
  3   12.24   0.2136669  0.1642106E-01  0.3652128E+00    56  -.2592670D-11
  4   16.68   0.2911416  0.2224585E-01  0.2699891E+00    53  0.3317482D-11
  5   21.12   0.3686552  0.2793701E-01  0.2151313E+00    51  -.4207428D-11
  6   25.56   0.4461876  0.3346020E-01  0.1796832E+00    54  0.3452214D-11
  7   30.01   0.5237306  0.3878217E-01  0.1550579E+00    48  -.3354652D-12
  8   34.45   0.6012799  0.4387091E-01  0.1370903E+00    58  0.3080321D-11
  9   38.89   0.6788335  0.4869581E-01  0.1235181E+00    46  -.3081849D-11
 10   43.34   0.7563900  0.5322785E-01  0.1130083E+00    53  0.2184451D-13
 11   47.78   0.8339486  0.5743977E-01  0.1047265E+00    52  -.2862402D-11
 12   52.23   0.9115087  0.6130624E-01  0.9812488E-01    45  0.2639778D-11
 13   56.67   0.9890700  0.6480401E-01  0.9283100E-01    51  -.1840379D-11
 14   61.11   1.0666321  0.6791205E-01  0.8858427E-01    49  0.7109118D-12
 15   65.56   1.1441949  0.7061165E-01  0.8519881E-01    54  -.5138006D-12
 16   70.00   1.2217582  0.7288658E-01  0.8254052E-01    55  0.1759687D-11
 17   74.45   1.2993219  0.7472317E-01  0.8051247E-01    47  -.6721753D-12
 18   78.89   1.3768858  0.7611036E-01  0.7904551E-01    53  0.1067468D-11
 19   83.33   1.4544499  0.7703982E-01  0.7809215E-01    57  -.4715298D-12
 20   87.78   1.5320142  0.7750595E-01  0.7762264E-01    49  0.1109227D-11
 IWRITE=          31
0 I   COLAT   COLRAD     WGT            WGTCS          ITER  RES
  1    3.40   0.0593769  0.4521277E-02  0.1283916E+01    51  -.1057012D-10
  2    7.81   0.1362948  0.1049828E-01  0.5686576E+00    50  0.1501483D-11
  3   12.24   0.2136669  0.1642106E-01  0.3652128E+00    56  -.2592670D-11
  4   16.68   0.2911416  0.2224585E-01  0.2699891E+00    53  0.3317482D-11
  5   21.12   0.3686552  0.2793701E-01  0.2151313E+00    51  -.4207428D-11
  6   25.56   0.4461876  0.3346020E-01  0.1796832E+00    54  0.3452214D-11
  7   30.01   0.5237306  0.3878217E-01  0.1550579E+00    48  -.3354652D-12
  8   34.45   0.6012799  0.4387091E-01  0.1370903E+00    58  0.3080321D-11
  9   38.89   0.6788335  0.4869581E-01  0.1235181E+00    46  -.3081849D-11
 10   43.34   0.7563900  0.5322785E-01  0.1130083E+00    53  0.2184451D-13
 11   47.78   0.8339486  0.5743977E-01  0.1047265E+00    52  -.2862402D-11
 12   52.23   0.9115087  0.6130624E-01  0.9812488E-01    45  0.2639778D-11
 13   56.67   0.9890700  0.6480401E-01  0.9283100E-01    51  -.1840379D-11
 14   61.11   1.0666321  0.6791205E-01  0.8858427E-01    49  0.7109118D-12
 15   65.56   1.1441949  0.7061165E-01  0.8519881E-01    54  -.5138006D-12
 16   70.00   1.2217582  0.7288658E-01  0.8254052E-01    55  0.1759687D-11
 17   74.45   1.2993219  0.7472317E-01  0.8051247E-01    47  -.6721753D-12
 18   78.89   1.3768858  0.7611036E-01  0.7904551E-01    53  0.1067468D-11
 19   83.33   1.4544499  0.7703982E-01  0.7809215E-01    57  -.4715298D-12
 20   87.78   1.5320142  0.7750595E-01  0.7762264E-01    49  0.1109227D-11
 IWRITE=          32
0 I   COLAT   COLRAD     WGT            WGTCS          ITER  RES
  1    3.40   0.0593769  0.4521277E-02  0.1283916E+01    51  -.1057012D-10
  2    7.81   0.1362948  0.1049828E-01  0.5686576E+00    50  0.1501483D-11
  3   12.24   0.2136669  0.1642106E-01  0.3652128E+00    56  -.2592670D-11
  4   16.68   0.2911416  0.2224585E-01  0.2699891E+00    53  0.3317482D-11
  5   21.12   0.3686552  0.2793701E-01  0.2151313E+00    51  -.4207428D-11
  6   25.56   0.4461876  0.3346020E-01  0.1796832E+00    54  0.3452214D-11
  7   30.01   0.5237306  0.3878217E-01  0.1550579E+00    48  -.3354652D-12
  8   34.45   0.6012799  0.4387091E-01  0.1370903E+00    58  0.3080321D-11
  9   38.89   0.6788335  0.4869581E-01  0.1235181E+00    46  -.3081849D-11
 10   43.34   0.7563900  0.5322785E-01  0.1130083E+00    53  0.2184451D-13
 11   47.78   0.8339486  0.5743977E-01  0.1047265E+00    52  -.2862402D-11
 12   52.23   0.9115087  0.6130624E-01  0.9812488E-01    45  0.2639778D-11
 13   56.67   0.9890700  0.6480401E-01  0.9283100E-01    51  -.1840379D-11
 14   61.11   1.0666321  0.6791205E-01  0.8858427E-01    49  0.7109118D-12
 15   65.56   1.1441949  0.7061165E-01  0.8519881E-01    54  -.5138006D-12
 16   70.00   1.2217582  0.7288658E-01  0.8254052E-01    55  0.1759687D-11
 17   74.45   1.2993219  0.7472317E-01  0.8051247E-01    47  -.6721753D-12
 18   78.89   1.3768858  0.7611036E-01  0.7904551E-01    53  0.1067468D-11
 19   83.33   1.4544499  0.7703982E-01  0.7809215E-01    57  -.4715298D-12
 20   87.78   1.5320142  0.7750595E-01  0.7762264E-01    49  0.1109227D-11
 IWRITE=          33
0 I   COLAT   COLRAD     WGT            WGTCS          ITER  RES
  1    3.40   0.0593769  0.4521277E-02  0.1283916E+01    51  -.1057012D-10
  2    7.81   0.1362948  0.1049828E-01  0.5686576E+00    50  0.1501483D-11
  3   12.24   0.2136669  0.1642106E-01  0.3652128E+00    56  -.2592670D-11
  4   16.68   0.2911416  0.2224585E-01  0.2699891E+00    53  0.3317482D-11
  5   21.12   0.3686552  0.2793701E-01  0.2151313E+00    51  -.4207428D-11
  6   25.56   0.4461876  0.3346020E-01  0.1796832E+00    54  0.3452214D-11
  7   30.01   0.5237306  0.3878217E-01  0.1550579E+00    48  -.3354652D-12
  8   34.45   0.6012799  0.4387091E-01  0.1370903E+00    58  0.3080321D-11
  9   38.89   0.6788335  0.4869581E-01  0.1235181E+00    46  -.3081849D-11
 10   43.34   0.7563900  0.5322785E-01  0.1130083E+00    53  0.2184451D-13
 11   47.78   0.8339486  0.5743977E-01  0.1047265E+00    52  -.2862402D-11
 12   52.23   0.9115087  0.6130624E-01  0.9812488E-01    45  0.2639778D-11
 13   56.67   0.9890700  0.6480401E-01  0.9283100E-01    51  -.1840379D-11
 14   61.11   1.0666321  0.6791205E-01  0.8858427E-01    49  0.7109118D-12
 15   65.56   1.1441949  0.7061165E-01  0.8519881E-01    54  -.5138006D-12
 16   70.00   1.2217582  0.7288658E-01  0.8254052E-01    55  0.1759687D-11
 17   74.45   1.2993219  0.7472317E-01  0.8051247E-01    47  -.6721753D-12
 18   78.89   1.3768858  0.7611036E-01  0.7904551E-01    53  0.1067468D-11
 19   83.33   1.4544499  0.7703982E-01  0.7809215E-01    57  -.4715298D-12
 20   87.78   1.5320142  0.7750595E-01  0.7762264E-01    49  0.1109227D-11
 IWRITE=          34
0 I   COLAT   COLRAD     WGT            WGTCS          ITER  RES
  1    3.40   0.0593769  0.4521277E-02  0.1283916E+01    51  -.1057012D-10
  2    7.81   0.1362948  0.1049828E-01  0.5686576E+00    50  0.1501483D-11
  3   12.24   0.2136669  0.1642106E-01  0.3652128E+00    56  -.2592670D-11
  4   16.68   0.2911416  0.2224585E-01  0.2699891E+00    53  0.3317482D-11
  5   21.12   0.3686552  0.2793701E-01  0.2151313E+00    51  -.4207428D-11
  6   25.56   0.4461876  0.3346020E-01  0.1796832E+00    54  0.3452214D-11
  7   30.01   0.5237306  0.3878217E-01  0.1550579E+00    48  -.3354652D-12
  8   34.45   0.6012799  0.4387091E-01  0.1370903E+00    58  0.3080321D-11
  9   38.89   0.6788335  0.4869581E-01  0.1235181E+00    46  -.3081849D-11
 10   43.34   0.7563900  0.5322785E-01  0.1130083E+00    53  0.2184451D-13
 11   47.78   0.8339486  0.5743977E-01  0.1047265E+00    52  -.2862402D-11
 12   52.23   0.9115087  0.6130624E-01  0.9812488E-01    45  0.2639778D-11
 13   56.67   0.9890700  0.6480401E-01  0.9283100E-01    51  -.1840379D-11
 14   61.11   1.0666321  0.6791205E-01  0.8858427E-01    49  0.7109118D-12
 15   65.56   1.1441949  0.7061165E-01  0.8519881E-01    54  -.5138006D-12
 16   70.00   1.2217582  0.7288658E-01  0.8254052E-01    55  0.1759687D-11
 17   74.45   1.2993219  0.7472317E-01  0.8051247E-01    47  -.6721753D-12
 18   78.89   1.3768858  0.7611036E-01  0.7904551E-01    53  0.1067468D-11
 19   83.33   1.4544499  0.7703982E-01  0.7809215E-01    57  -.4715298D-12
 20   87.78   1.5320142  0.7750595E-01  0.7762264E-01    49  0.1109227D-11
 IWRITE=          35
0 I   COLAT   COLRAD     WGT            WGTCS          ITER  RES
  1    3.40   0.0593769  0.4521277E-02  0.1283916E+01    51  -.1057012D-10
  2    7.81   0.1362948  0.1049828E-01  0.5686576E+00    50  0.1501483D-11
  3   12.24   0.2136669  0.1642106E-01  0.3652128E+00    56  -.2592670D-11
  4   16.68   0.2911416  0.2224585E-01  0.2699891E+00    53  0.3317482D-11
  5   21.12   0.3686552  0.2793701E-01  0.2151313E+00    51  -.4207428D-11
  6   25.56   0.4461876  0.3346020E-01  0.1796832E+00    54  0.3452214D-11
  7   30.01   0.5237306  0.3878217E-01  0.1550579E+00    48  -.3354652D-12
  8   34.45   0.6012799  0.4387091E-01  0.1370903E+00    58  0.3080321D-11
  9   38.89   0.6788335  0.4869581E-01  0.1235181E+00    46  -.3081849D-11
 10   43.34   0.7563900  0.5322785E-01  0.1130083E+00    53  0.2184451D-13
 11   47.78   0.8339486  0.5743977E-01  0.1047265E+00    52  -.2862402D-11
 12   52.23   0.9115087  0.6130624E-01  0.9812488E-01    45  0.2639778D-11
 13   56.67   0.9890700  0.6480401E-01  0.9283100E-01    51  -.1840379D-11
 14   61.11   1.0666321  0.6791205E-01  0.8858427E-01    49  0.7109118D-12
 15   65.56   1.1441949  0.7061165E-01  0.8519881E-01    54  -.5138006D-12
 16   70.00   1.2217582  0.7288658E-01  0.8254052E-01    55  0.1759687D-11
 17   74.45   1.2993219  0.7472317E-01  0.8051247E-01    47  -.6721753D-12
 18   78.89   1.3768858  0.7611036E-01  0.7904551E-01    53  0.1067468D-11
 19   83.33   1.4544499  0.7703982E-01  0.7809215E-01    57  -.4715298D-12
 20   87.78   1.5320142  0.7750595E-01  0.7762264E-01    49  0.1109227D-11
 IWRITE=          36
0 I   COLAT   COLRAD     WGT            WGTCS          ITER  RES
  1    3.40   0.0593769  0.4521277E-02  0.1283916E+01    51  -.1057012D-10
  2    7.81   0.1362948  0.1049828E-01  0.5686576E+00    50  0.1501483D-11
  3   12.24   0.2136669  0.1642106E-01  0.3652128E+00    56  -.2592670D-11
  4   16.68   0.2911416  0.2224585E-01  0.2699891E+00    53  0.3317482D-11
  5   21.12   0.3686552  0.2793701E-01  0.2151313E+00    51  -.4207428D-11
  6   25.56   0.4461876  0.3346020E-01  0.1796832E+00    54  0.3452214D-11
  7   30.01   0.5237306  0.3878217E-01  0.1550579E+00    48  -.3354652D-12
  8   34.45   0.6012799  0.4387091E-01  0.1370903E+00    58  0.3080321D-11
  9   38.89   0.6788335  0.4869581E-01  0.1235181E+00    46  -.3081849D-11
 10   43.34   0.7563900  0.5322785E-01  0.1130083E+00    53  0.2184451D-13
 11   47.78   0.8339486  0.5743977E-01  0.1047265E+00    52  -.2862402D-11
 12   52.23   0.9115087  0.6130624E-01  0.9812488E-01    45  0.2639778D-11
 13   56.67   0.9890700  0.6480401E-01  0.9283100E-01    51  -.1840379D-11
 14   61.11   1.0666321  0.6791205E-01  0.8858427E-01    49  0.7109118D-12
 15   65.56   1.1441949  0.7061165E-01  0.8519881E-01    54  -.5138006D-12
 16   70.00   1.2217582  0.7288658E-01  0.8254052E-01    55  0.1759687D-11
 17   74.45   1.2993219  0.7472317E-01  0.8051247E-01    47  -.6721753D-12
 18   78.89   1.3768858  0.7611036E-01  0.7904551E-01    53  0.1067468D-11
 19   83.33   1.4544499  0.7703982E-01  0.7809215E-01    57  -.4715298D-12
 20   87.78   1.5320142  0.7750595E-01  0.7762264E-01    49  0.1109227D-11
 IWRITE=          37
0 I   COLAT   COLRAD     WGT            WGTCS          ITER  RES
  1    3.40   0.0593769  0.4521277E-02  0.1283916E+01    51  -.1057012D-10
  2    7.81   0.1362948  0.1049828E-01  0.5686576E+00    50  0.1501483D-11
  3   12.24   0.2136669  0.1642106E-01  0.3652128E+00    56  -.2592670D-11
  4   16.68   0.2911416  0.2224585E-01  0.2699891E+00    53  0.3317482D-11
  5   21.12   0.3686552  0.2793701E-01  0.2151313E+00    51  -.4207428D-11
  6   25.56   0.4461876  0.3346020E-01  0.1796832E+00    54  0.3452214D-11
  7   30.01   0.5237306  0.3878217E-01  0.1550579E+00    48  -.3354652D-12
  8   34.45   0.6012799  0.4387091E-01  0.1370903E+00    58  0.3080321D-11
  9   38.89   0.6788335  0.4869581E-01  0.1235181E+00    46  -.3081849D-11
 10   43.34   0.7563900  0.5322785E-01  0.1130083E+00    53  0.2184451D-13
 11   47.78   0.8339486  0.5743977E-01  0.1047265E+00    52  -.2862402D-11
 12   52.23   0.9115087  0.6130624E-01  0.9812488E-01    45  0.2639778D-11
 13   56.67   0.9890700  0.6480401E-01  0.9283100E-01    51  -.1840379D-11
 14   61.11   1.0666321  0.6791205E-01  0.8858427E-01    49  0.7109118D-12
 15   65.56   1.1441949  0.7061165E-01  0.8519881E-01    54  -.5138006D-12
 16   70.00   1.2217582  0.7288658E-01  0.8254052E-01    55  0.1759687D-11
 17   74.45   1.2993219  0.7472317E-01  0.8051247E-01    47  -.6721753D-12
 18   78.89   1.3768858  0.7611036E-01  0.7904551E-01    53  0.1067468D-11
 19   83.33   1.4544499  0.7703982E-01  0.7809215E-01    57  -.4715298D-12
 20   87.78   1.5320142  0.7750595E-01  0.7762264E-01    49  0.1109227D-11
 IWRITE=          38
0 I   COLAT   COLRAD     WGT            WGTCS          ITER  RES
  1    3.40   0.0593769  0.4521277E-02  0.1283916E+01    51  -.1057012D-10
  2    7.81   0.1362948  0.1049828E-01  0.5686576E+00    50  0.1501483D-11
  3   12.24   0.2136669  0.1642106E-01  0.3652128E+00    56  -.2592670D-11
  4   16.68   0.2911416  0.2224585E-01  0.2699891E+00    53  0.3317482D-11
  5   21.12   0.3686552  0.2793701E-01  0.2151313E+00    51  -.4207428D-11
  6   25.56   0.4461876  0.3346020E-01  0.1796832E+00    54  0.3452214D-11
  7   30.01   0.5237306  0.3878217E-01  0.1550579E+00    48  -.3354652D-12
  8   34.45   0.6012799  0.4387091E-01  0.1370903E+00    58  0.3080321D-11
  9   38.89   0.6788335  0.4869581E-01  0.1235181E+00    46  -.3081849D-11
 10   43.34   0.7563900  0.5322785E-01  0.1130083E+00    53  0.2184451D-13
 11   47.78   0.8339486  0.5743977E-01  0.1047265E+00    52  -.2862402D-11
 12   52.23   0.9115087  0.6130624E-01  0.9812488E-01    45  0.2639778D-11
 13   56.67   0.9890700  0.6480401E-01  0.9283100E-01    51  -.1840379D-11
 14   61.11   1.0666321  0.6791205E-01  0.8858427E-01    49  0.7109118D-12
 15   65.56   1.1441949  0.7061165E-01  0.8519881E-01    54  -.5138006D-12
 16   70.00   1.2217582  0.7288658E-01  0.8254052E-01    55  0.1759687D-11
 17   74.45   1.2993219  0.7472317E-01  0.8051247E-01    47  -.6721753D-12
 18   78.89   1.3768858  0.7611036E-01  0.7904551E-01    53  0.1067468D-11
 19   83.33   1.4544499  0.7703982E-01  0.7809215E-01    57  -.4715298D-12
 20   87.78   1.5320142  0.7750595E-01  0.7762264E-01    49  0.1109227D-11
 IWRITE=          39
0 I   COLAT   COLRAD     WGT            WGTCS          ITER  RES
  1    3.40   0.0593769  0.4521277E-02  0.1283916E+01    51  -.1057012D-10
  2    7.81   0.1362948  0.1049828E-01  0.5686576E+00    50  0.1501483D-11
  3   12.24   0.2136669  0.1642106E-01  0.3652128E+00    56  -.2592670D-11
  4   16.68   0.2911416  0.2224585E-01  0.2699891E+00    53  0.3317482D-11
  5   21.12   0.3686552  0.2793701E-01  0.2151313E+00    51  -.4207428D-11
  6   25.56   0.4461876  0.3346020E-01  0.1796832E+00    54  0.3452214D-11
  7   30.01   0.5237306  0.3878217E-01  0.1550579E+00    48  -.3354652D-12
  8   34.45   0.6012799  0.4387091E-01  0.1370903E+00    58  0.3080321D-11
  9   38.89   0.6788335  0.4869581E-01  0.1235181E+00    46  -.3081849D-11
 10   43.34   0.7563900  0.5322785E-01  0.1130083E+00    53  0.2184451D-13
 11   47.78   0.8339486  0.5743977E-01  0.1047265E+00    52  -.2862402D-11
 12   52.23   0.9115087  0.6130624E-01  0.9812488E-01    45  0.2639778D-11
 13   56.67   0.9890700  0.6480401E-01  0.9283100E-01    51  -.1840379D-11
 14   61.11   1.0666321  0.6791205E-01  0.8858427E-01    49  0.7109118D-12
 15   65.56   1.1441949  0.7061165E-01  0.8519881E-01    54  -.5138006D-12
 16   70.00   1.2217582  0.7288658E-01  0.8254052E-01    55  0.1759687D-11
 17   74.45   1.2993219  0.7472317E-01  0.8051247E-01    47  -.6721753D-12
 18   78.89   1.3768858  0.7611036E-01  0.7904551E-01    53  0.1067468D-11
 19   83.33   1.4544499  0.7703982E-01  0.7809215E-01    57  -.4715298D-12
 20   87.78   1.5320142  0.7750595E-01  0.7762264E-01    49  0.1109227D-11
 IWRITE=          40
0 I   COLAT   COLRAD     WGT            WGTCS          ITER  RES
  1    3.40   0.0593769  0.4521277E-02  0.1283916E+01    51  -.1057012D-10
  2    7.81   0.1362948  0.1049828E-01  0.5686576E+00    50  0.1501483D-11
  3   12.24   0.2136669  0.1642106E-01  0.3652128E+00    56  -.2592670D-11
  4   16.68   0.2911416  0.2224585E-01  0.2699891E+00    53  0.3317482D-11
  5   21.12   0.3686552  0.2793701E-01  0.2151313E+00    51  -.4207428D-11
  6   25.56   0.4461876  0.3346020E-01  0.1796832E+00    54  0.3452214D-11
  7   30.01   0.5237306  0.3878217E-01  0.1550579E+00    48  -.3354652D-12
  8   34.45   0.6012799  0.4387091E-01  0.1370903E+00    58  0.3080321D-11
  9   38.89   0.6788335  0.4869581E-01  0.1235181E+00    46  -.3081849D-11
 10   43.34   0.7563900  0.5322785E-01  0.1130083E+00    53  0.2184451D-13
 11   47.78   0.8339486  0.5743977E-01  0.1047265E+00    52  -.2862402D-11
 12   52.23   0.9115087  0.6130624E-01  0.9812488E-01    45  0.2639778D-11
 13   56.67   0.9890700  0.6480401E-01  0.9283100E-01    51  -.1840379D-11
 14   61.11   1.0666321  0.6791205E-01  0.8858427E-01    49  0.7109118D-12
 15   65.56   1.1441949  0.7061165E-01  0.8519881E-01    54  -.5138006D-12
 16   70.00   1.2217582  0.7288658E-01  0.8254052E-01    55  0.1759687D-11
 17   74.45   1.2993219  0.7472317E-01  0.8051247E-01    47  -.6721753D-12
 18   78.89   1.3768858  0.7611036E-01  0.7904551E-01    53  0.1067468D-11
 19   83.33   1.4544499  0.7703982E-01  0.7809215E-01    57  -.4715298D-12
 20   87.78   1.5320142  0.7750595E-01  0.7762264E-01    49  0.1109227D-11
 IWRITE=          41
0 I   COLAT   COLRAD     WGT            WGTCS          ITER  RES
  1    3.40   0.0593769  0.4521277E-02  0.1283916E+01    51  -.1057012D-10
  2    7.81   0.1362948  0.1049828E-01  0.5686576E+00    50  0.1501483D-11
  3   12.24   0.2136669  0.1642106E-01  0.3652128E+00    56  -.2592670D-11
  4   16.68   0.2911416  0.2224585E-01  0.2699891E+00    53  0.3317482D-11
  5   21.12   0.3686552  0.2793701E-01  0.2151313E+00    51  -.4207428D-11
  6   25.56   0.4461876  0.3346020E-01  0.1796832E+00    54  0.3452214D-11
  7   30.01   0.5237306  0.3878217E-01  0.1550579E+00    48  -.3354652D-12
  8   34.45   0.6012799  0.4387091E-01  0.1370903E+00    58  0.3080321D-11
  9   38.89   0.6788335  0.4869581E-01  0.1235181E+00    46  -.3081849D-11
 10   43.34   0.7563900  0.5322785E-01  0.1130083E+00    53  0.2184451D-13
 11   47.78   0.8339486  0.5743977E-01  0.1047265E+00    52  -.2862402D-11
 12   52.23   0.9115087  0.6130624E-01  0.9812488E-01    45  0.2639778D-11
 13   56.67   0.9890700  0.6480401E-01  0.9283100E-01    51  -.1840379D-11
 14   61.11   1.0666321  0.6791205E-01  0.8858427E-01    49  0.7109118D-12
 15   65.56   1.1441949  0.7061165E-01  0.8519881E-01    54  -.5138006D-12
 16   70.00   1.2217582  0.7288658E-01  0.8254052E-01    55  0.1759687D-11
 17   74.45   1.2993219  0.7472317E-01  0.8051247E-01    47  -.6721753D-12
 18   78.89   1.3768858  0.7611036E-01  0.7904551E-01    53  0.1067468D-11
 19   83.33   1.4544499  0.7703982E-01  0.7809215E-01    57  -.4715298D-12
 20   87.78   1.5320142  0.7750595E-01  0.7762264E-01    49  0.1109227D-11
 IWRITE=          42
0 I   COLAT   COLRAD     WGT            WGTCS          ITER  RES
  1    3.40   0.0593769  0.4521277E-02  0.1283916E+01    51  -.1057012D-10
  2    7.81   0.1362948  0.1049828E-01  0.5686576E+00    50  0.1501483D-11
  3   12.24   0.2136669  0.1642106E-01  0.3652128E+00    56  -.2592670D-11
  4   16.68   0.2911416  0.2224585E-01  0.2699891E+00    53  0.3317482D-11
  5   21.12   0.3686552  0.2793701E-01  0.2151313E+00    51  -.4207428D-11
  6   25.56   0.4461876  0.3346020E-01  0.1796832E+00    54  0.3452214D-11
  7   30.01   0.5237306  0.3878217E-01  0.1550579E+00    48  -.3354652D-12
  8   34.45   0.6012799  0.4387091E-01  0.1370903E+00    58  0.3080321D-11
  9   38.89   0.6788335  0.4869581E-01  0.1235181E+00    46  -.3081849D-11
 10   43.34   0.7563900  0.5322785E-01  0.1130083E+00    53  0.2184451D-13
 11   47.78   0.8339486  0.5743977E-01  0.1047265E+00    52  -.2862402D-11
 12   52.23   0.9115087  0.6130624E-01  0.9812488E-01    45  0.2639778D-11
 13   56.67   0.9890700  0.6480401E-01  0.9283100E-01    51  -.1840379D-11
 14   61.11   1.0666321  0.6791205E-01  0.8858427E-01    49  0.7109118D-12
 15   65.56   1.1441949  0.7061165E-01  0.8519881E-01    54  -.5138006D-12
 16   70.00   1.2217582  0.7288658E-01  0.8254052E-01    55  0.1759687D-11
 17   74.45   1.2993219  0.7472317E-01  0.8051247E-01    47  -.6721753D-12
 18   78.89   1.3768858  0.7611036E-01  0.7904551E-01    53  0.1067468D-11
 19   83.33   1.4544499  0.7703982E-01  0.7809215E-01    57  -.4715298D-12
 20   87.78   1.5320142  0.7750595E-01  0.7762264E-01    49  0.1109227D-11
 IWRITE=          43
0 I   COLAT   COLRAD     WGT            WGTCS          ITER  RES
  1    3.40   0.0593769  0.4521277E-02  0.1283916E+01    51  -.1057012D-10
  2    7.81   0.1362948  0.1049828E-01  0.5686576E+00    50  0.1501483D-11
  3   12.24   0.2136669  0.1642106E-01  0.3652128E+00    56  -.2592670D-11
  4   16.68   0.2911416  0.2224585E-01  0.2699891E+00    53  0.3317482D-11
  5   21.12   0.3686552  0.2793701E-01  0.2151313E+00    51  -.4207428D-11
  6   25.56   0.4461876  0.3346020E-01  0.1796832E+00    54  0.3452214D-11
  7   30.01   0.5237306  0.3878217E-01  0.1550579E+00    48  -.3354652D-12
  8   34.45   0.6012799  0.4387091E-01  0.1370903E+00    58  0.3080321D-11
  9   38.89   0.6788335  0.4869581E-01  0.1235181E+00    46  -.3081849D-11
 10   43.34   0.7563900  0.5322785E-01  0.1130083E+00    53  0.2184451D-13
 11   47.78   0.8339486  0.5743977E-01  0.1047265E+00    52  -.2862402D-11
 12   52.23   0.9115087  0.6130624E-01  0.9812488E-01    45  0.2639778D-11
 13   56.67   0.9890700  0.6480401E-01  0.9283100E-01    51  -.1840379D-11
 14   61.11   1.0666321  0.6791205E-01  0.8858427E-01    49  0.7109118D-12
 15   65.56   1.1441949  0.7061165E-01  0.8519881E-01    54  -.5138006D-12
 16   70.00   1.2217582  0.7288658E-01  0.8254052E-01    55  0.1759687D-11
 17   74.45   1.2993219  0.7472317E-01  0.8051247E-01    47  -.6721753D-12
 18   78.89   1.3768858  0.7611036E-01  0.7904551E-01    53  0.1067468D-11
 19   83.33   1.4544499  0.7703982E-01  0.7809215E-01    57  -.4715298D-12
 20   87.78   1.5320142  0.7750595E-01  0.7762264E-01    49  0.1109227D-11
 IWRITE=          44
0 I   COLAT   COLRAD     WGT            WGTCS          ITER  RES
  1    3.40   0.0593769  0.4521277E-02  0.1283916E+01    51  -.1057012D-10
  2    7.81   0.1362948  0.1049828E-01  0.5686576E+00    50  0.1501483D-11
  3   12.24   0.2136669  0.1642106E-01  0.3652128E+00    56  -.2592670D-11
  4   16.68   0.2911416  0.2224585E-01  0.2699891E+00    53  0.3317482D-11
  5   21.12   0.3686552  0.2793701E-01  0.2151313E+00    51  -.4207428D-11
  6   25.56   0.4461876  0.3346020E-01  0.1796832E+00    54  0.3452214D-11
  7   30.01   0.5237306  0.3878217E-01  0.1550579E+00    48  -.3354652D-12
  8   34.45   0.6012799  0.4387091E-01  0.1370903E+00    58  0.3080321D-11
  9   38.89   0.6788335  0.4869581E-01  0.1235181E+00    46  -.3081849D-11
 10   43.34   0.7563900  0.5322785E-01  0.1130083E+00    53  0.2184451D-13
 11   47.78   0.8339486  0.5743977E-01  0.1047265E+00    52  -.2862402D-11
 12   52.23   0.9115087  0.6130624E-01  0.9812488E-01    45  0.2639778D-11
 13   56.67   0.9890700  0.6480401E-01  0.9283100E-01    51  -.1840379D-11
 14   61.11   1.0666321  0.6791205E-01  0.8858427E-01    49  0.7109118D-12
 15   65.56   1.1441949  0.7061165E-01  0.8519881E-01    54  -.5138006D-12
 16   70.00   1.2217582  0.7288658E-01  0.8254052E-01    55  0.1759687D-11
 17   74.45   1.2993219  0.7472317E-01  0.8051247E-01    47  -.6721753D-12
 18   78.89   1.3768858  0.7611036E-01  0.7904551E-01    53  0.1067468D-11
 19   83.33   1.4544499  0.7703982E-01  0.7809215E-01    57  -.4715298D-12
 20   87.78   1.5320142  0.7750595E-01  0.7762264E-01    49  0.1109227D-11
 IWRITE=          45
0 I   COLAT   COLRAD     WGT            WGTCS          ITER  RES
  1    3.40   0.0593769  0.4521277E-02  0.1283916E+01    51  -.1057012D-10
  2    7.81   0.1362948  0.1049828E-01  0.5686576E+00    50  0.1501483D-11
  3   12.24   0.2136669  0.1642106E-01  0.3652128E+00    56  -.2592670D-11
  4   16.68   0.2911416  0.2224585E-01  0.2699891E+00    53  0.3317482D-11
  5   21.12   0.3686552  0.2793701E-01  0.2151313E+00    51  -.4207428D-11
  6   25.56   0.4461876  0.3346020E-01  0.1796832E+00    54  0.3452214D-11
  7   30.01   0.5237306  0.3878217E-01  0.1550579E+00    48  -.3354652D-12
  8   34.45   0.6012799  0.4387091E-01  0.1370903E+00    58  0.3080321D-11
  9   38.89   0.6788335  0.4869581E-01  0.1235181E+00    46  -.3081849D-11
 10   43.34   0.7563900  0.5322785E-01  0.1130083E+00    53  0.2184451D-13
 11   47.78   0.8339486  0.5743977E-01  0.1047265E+00    52  -.2862402D-11
 12   52.23   0.9115087  0.6130624E-01  0.9812488E-01    45  0.2639778D-11
 13   56.67   0.9890700  0.6480401E-01  0.9283100E-01    51  -.1840379D-11
 14   61.11   1.0666321  0.6791205E-01  0.8858427E-01    49  0.7109118D-12
 15   65.56   1.1441949  0.7061165E-01  0.8519881E-01    54  -.5138006D-12
 16   70.00   1.2217582  0.7288658E-01  0.8254052E-01    55  0.1759687D-11
 17   74.45   1.2993219  0.7472317E-01  0.8051247E-01    47  -.6721753D-12
 18   78.89   1.3768858  0.7611036E-01  0.7904551E-01    53  0.1067468D-11
 19   83.33   1.4544499  0.7703982E-01  0.7809215E-01    57  -.4715298D-12
 20   87.78   1.5320142  0.7750595E-01  0.7762264E-01    49  0.1109227D-11
 IWRITE=          46
0 I   COLAT   COLRAD     WGT            WGTCS          ITER  RES
  1    3.40   0.0593769  0.4521277E-02  0.1283916E+01    51  -.1057012D-10
  2    7.81   0.1362948  0.1049828E-01  0.5686576E+00    50  0.1501483D-11
  3   12.24   0.2136669  0.1642106E-01  0.3652128E+00    56  -.2592670D-11
  4   16.68   0.2911416  0.2224585E-01  0.2699891E+00    53  0.3317482D-11
  5   21.12   0.3686552  0.2793701E-01  0.2151313E+00    51  -.4207428D-11
  6   25.56   0.4461876  0.3346020E-01  0.1796832E+00    54  0.3452214D-11
  7   30.01   0.5237306  0.3878217E-01  0.1550579E+00    48  -.3354652D-12
  8   34.45   0.6012799  0.4387091E-01  0.1370903E+00    58  0.3080321D-11
  9   38.89   0.6788335  0.4869581E-01  0.1235181E+00    46  -.3081849D-11
 10   43.34   0.7563900  0.5322785E-01  0.1130083E+00    53  0.2184451D-13
 11   47.78   0.8339486  0.5743977E-01  0.1047265E+00    52  -.2862402D-11
 12   52.23   0.9115087  0.6130624E-01  0.9812488E-01    45  0.2639778D-11
 13   56.67   0.9890700  0.6480401E-01  0.9283100E-01    51  -.1840379D-11
 14   61.11   1.0666321  0.6791205E-01  0.8858427E-01    49  0.7109118D-12
 15   65.56   1.1441949  0.7061165E-01  0.8519881E-01    54  -.5138006D-12
 16   70.00   1.2217582  0.7288658E-01  0.8254052E-01    55  0.1759687D-11
 17   74.45   1.2993219  0.7472317E-01  0.8051247E-01    47  -.6721753D-12
 18   78.89   1.3768858  0.7611036E-01  0.7904551E-01    53  0.1067468D-11
 19   83.33   1.4544499  0.7703982E-01  0.7809215E-01    57  -.4715298D-12
 20   87.78   1.5320142  0.7750595E-01  0.7762264E-01    49  0.1109227D-11
 IWRITE=          47
0 I   COLAT   COLRAD     WGT            WGTCS          ITER  RES
  1    3.40   0.0593769  0.4521277E-02  0.1283916E+01    51  -.1057012D-10
  2    7.81   0.1362948  0.1049828E-01  0.5686576E+00    50  0.1501483D-11
  3   12.24   0.2136669  0.1642106E-01  0.3652128E+00    56  -.2592670D-11
  4   16.68   0.2911416  0.2224585E-01  0.2699891E+00    53  0.3317482D-11
  5   21.12   0.3686552  0.2793701E-01  0.2151313E+00    51  -.4207428D-11
  6   25.56   0.4461876  0.3346020E-01  0.1796832E+00    54  0.3452214D-11
  7   30.01   0.5237306  0.3878217E-01  0.1550579E+00    48  -.3354652D-12
  8   34.45   0.6012799  0.4387091E-01  0.1370903E+00    58  0.3080321D-11
  9   38.89   0.6788335  0.4869581E-01  0.1235181E+00    46  -.3081849D-11
 10   43.34   0.7563900  0.5322785E-01  0.1130083E+00    53  0.2184451D-13
 11   47.78   0.8339486  0.5743977E-01  0.1047265E+00    52  -.2862402D-11
 12   52.23   0.9115087  0.6130624E-01  0.9812488E-01    45  0.2639778D-11
 13   56.67   0.9890700  0.6480401E-01  0.9283100E-01    51  -.1840379D-11
 14   61.11   1.0666321  0.6791205E-01  0.8858427E-01    49  0.7109118D-12
 15   65.56   1.1441949  0.7061165E-01  0.8519881E-01    54  -.5138006D-12
 16   70.00   1.2217582  0.7288658E-01  0.8254052E-01    55  0.1759687D-11
 17   74.45   1.2993219  0.7472317E-01  0.8051247E-01    47  -.6721753D-12
 18   78.89   1.3768858  0.7611036E-01  0.7904551E-01    53  0.1067468D-11
 19   83.33   1.4544499  0.7703982E-01  0.7809215E-01    57  -.4715298D-12
 20   87.78   1.5320142  0.7750595E-01  0.7762264E-01    49  0.1109227D-11
 IWRITE=          48
0 I   COLAT   COLRAD     WGT            WGTCS          ITER  RES
  1    3.40   0.0593769  0.4521277E-02  0.1283916E+01    51  -.1057012D-10
  2    7.81   0.1362948  0.1049828E-01  0.5686576E+00    50  0.1501483D-11
  3   12.24   0.2136669  0.1642106E-01  0.3652128E+00    56  -.2592670D-11
  4   16.68   0.2911416  0.2224585E-01  0.2699891E+00    53  0.3317482D-11
  5   21.12   0.3686552  0.2793701E-01  0.2151313E+00    51  -.4207428D-11
  6   25.56   0.4461876  0.3346020E-01  0.1796832E+00    54  0.3452214D-11
  7   30.01   0.5237306  0.3878217E-01  0.1550579E+00    48  -.3354652D-12
  8   34.45   0.6012799  0.4387091E-01  0.1370903E+00    58  0.3080321D-11
  9   38.89   0.6788335  0.4869581E-01  0.1235181E+00    46  -.3081849D-11
 10   43.34   0.7563900  0.5322785E-01  0.1130083E+00    53  0.2184451D-13
 11   47.78   0.8339486  0.5743977E-01  0.1047265E+00    52  -.2862402D-11
 12   52.23   0.9115087  0.6130624E-01  0.9812488E-01    45  0.2639778D-11
 13   56.67   0.9890700  0.6480401E-01  0.9283100E-01    51  -.1840379D-11
 14   61.11   1.0666321  0.6791205E-01  0.8858427E-01    49  0.7109118D-12
 15   65.56   1.1441949  0.7061165E-01  0.8519881E-01    54  -.5138006D-12
 16   70.00   1.2217582  0.7288658E-01  0.8254052E-01    55  0.1759687D-11
 17   74.45   1.2993219  0.7472317E-01  0.8051247E-01    47  -.6721753D-12
 18   78.89   1.3768858  0.7611036E-01  0.7904551E-01    53  0.1067468D-11
 19   83.33   1.4544499  0.7703982E-01  0.7809215E-01    57  -.4715298D-12
 20   87.78   1.5320142  0.7750595E-01  0.7762264E-01    49  0.1109227D-11
 IWRITE=          49
0 I   COLAT   COLRAD     WGT            WGTCS          ITER  RES
  1    3.40   0.0593769  0.4521277E-02  0.1283916E+01    51  -.1057012D-10
  2    7.81   0.1362948  0.1049828E-01  0.5686576E+00    50  0.1501483D-11
  3   12.24   0.2136669  0.1642106E-01  0.3652128E+00    56  -.2592670D-11
  4   16.68   0.2911416  0.2224585E-01  0.2699891E+00    53  0.3317482D-11
  5   21.12   0.3686552  0.2793701E-01  0.2151313E+00    51  -.4207428D-11
  6   25.56   0.4461876  0.3346020E-01  0.1796832E+00    54  0.3452214D-11
  7   30.01   0.5237306  0.3878217E-01  0.1550579E+00    48  -.3354652D-12
  8   34.45   0.6012799  0.4387091E-01  0.1370903E+00    58  0.3080321D-11
  9   38.89   0.6788335  0.4869581E-01  0.1235181E+00    46  -.3081849D-11
 10   43.34   0.7563900  0.5322785E-01  0.1130083E+00    53  0.2184451D-13
 11   47.78   0.8339486  0.5743977E-01  0.1047265E+00    52  -.2862402D-11
 12   52.23   0.9115087  0.6130624E-01  0.9812488E-01    45  0.2639778D-11
 13   56.67   0.9890700  0.6480401E-01  0.9283100E-01    51  -.1840379D-11
 14   61.11   1.0666321  0.6791205E-01  0.8858427E-01    49  0.7109118D-12
 15   65.56   1.1441949  0.7061165E-01  0.8519881E-01    54  -.5138006D-12
 16   70.00   1.2217582  0.7288658E-01  0.8254052E-01    55  0.1759687D-11
 17   74.45   1.2993219  0.7472317E-01  0.8051247E-01    47  -.6721753D-12
 18   78.89   1.3768858  0.7611036E-01  0.7904551E-01    53  0.1067468D-11
 19   83.33   1.4544499  0.7703982E-01  0.7809215E-01    57  -.4715298D-12
 20   87.78   1.5320142  0.7750595E-01  0.7762264E-01    49  0.1109227D-11
 IWRITE=          50
 out=   0.0000000      -5.1768212    
0 I   COLAT   COLRAD     WGT            WGTCS          ITER  RES
  1    3.40   0.0593769  0.4521277E-02  0.1283916E+01    51  -.1057012D-10
  2    7.81   0.1362948  0.1049828E-01  0.5686576E+00    50  0.1501483D-11
  3   12.24   0.2136669  0.1642106E-01  0.3652128E+00    56  -.2592670D-11
  4   16.68   0.2911416  0.2224585E-01  0.2699891E+00    53  0.3317482D-11
  5   21.12   0.3686552  0.2793701E-01  0.2151313E+00    51  -.4207428D-11
  6   25.56   0.4461876  0.3346020E-01  0.1796832E+00    54  0.3452214D-11
  7   30.01   0.5237306  0.3878217E-01  0.1550579E+00    48  -.3354652D-12
  8   34.45   0.6012799  0.4387091E-01  0.1370903E+00    58  0.3080321D-11
  9   38.89   0.6788335  0.4869581E-01  0.1235181E+00    46  -.3081849D-11
 10   43.34   0.7563900  0.5322785E-01  0.1130083E+00    53  0.2184451D-13
 11   47.78   0.8339486  0.5743977E-01  0.1047265E+00    52  -.2862402D-11
 12   52.23   0.9115087  0.6130624E-01  0.9812488E-01    45  0.2639778D-11
 13   56.67   0.9890700  0.6480401E-01  0.9283100E-01    51  -.1840379D-11
 14   61.11   1.0666321  0.6791205E-01  0.8858427E-01    49  0.7109118D-12
 15   65.56   1.1441949  0.7061165E-01  0.8519881E-01    54  -.5138006D-12
 16   70.00   1.2217582  0.7288658E-01  0.8254052E-01    55  0.1759687D-11
 17   74.45   1.2993219  0.7472317E-01  0.8051247E-01    47  -.6721753D-12
 18   78.89   1.3768858  0.7611036E-01  0.7904551E-01    53  0.1067468D-11
 19   83.33   1.4544499  0.7703982E-01  0.7809215E-01    57  -.4715298D-12
 20   87.78   1.5320142  0.7750595E-01  0.7762264E-01    49  0.1109227D-11
 IWRITE=           1
0 I   COLAT   COLRAD     WGT            WGTCS          ITER  RES
  1    3.40   0.0593769  0.4521277E-02  0.1283916E+01    51  -.1057012D-10
  2    7.81   0.1362948  0.1049828E-01  0.5686576E+00    50  0.1501483D-11
  3   12.24   0.2136669  0.1642106E-01  0.3652128E+00    56  -.2592670D-11
  4   16.68   0.2911416  0.2224585E-01  0.2699891E+00    53  0.3317482D-11
  5   21.12   0.3686552  0.2793701E-01  0.2151313E+00    51  -.4207428D-11
  6   25.56   0.4461876  0.3346020E-01  0.1796832E+00    54  0.3452214D-11
  7   30.01   0.5237306  0.3878217E-01  0.1550579E+00    48  -.3354652D-12
  8   34.45   0.6012799  0.4387091E-01  0.1370903E+00    58  0.3080321D-11
  9   38.89   0.6788335  0.4869581E-01  0.1235181E+00    46  -.3081849D-11
 10   43.34   0.7563900  0.5322785E-01  0.1130083E+00    53  0.2184451D-13
 11   47.78   0.8339486  0.5743977E-01  0.1047265E+00    52  -.2862402D-11
 12   52.23   0.9115087  0.6130624E-01  0.9812488E-01    45  0.2639778D-11
 13   56.67   0.9890700  0.6480401E-01  0.9283100E-01    51  -.1840379D-11
 14   61.11   1.0666321  0.6791205E-01  0.8858427E-01    49  0.7109118D-12
 15   65.56   1.1441949  0.7061165E-01  0.8519881E-01    54  -.5138006D-12
 16   70.00   1.2217582  0.7288658E-01  0.8254052E-01    55  0.1759687D-11
 17   74.45   1.2993219  0.7472317E-01  0.8051247E-01    47  -.6721753D-12
 18   78.89   1.3768858  0.7611036E-01  0.7904551E-01    53  0.1067468D-11
 19   83.33   1.4544499  0.7703982E-01  0.7809215E-01    57  -.4715298D-12
 20   87.78   1.5320142  0.7750595E-01  0.7762264E-01    49  0.1109227D-11
 IWRITE=           2
0 I   COLAT   COLRAD     WGT            WGTCS          ITER  RES
  1    3.40   0.0593769  0.4521277E-02  0.1283916E+01    51  -.1057012D-10
  2    7.81   0.1362948  0.1049828E-01  0.5686576E+00    50  0.1501483D-11
  3   12.24   0.2136669  0.1642106E-01  0.3652128E+00    56  -.2592670D-11
  4   16.68   0.2911416  0.2224585E-01  0.2699891E+00    53  0.3317482D-11
  5   21.12   0.3686552  0.2793701E-01  0.2151313E+00    51  -.4207428D-11
  6   25.56   0.4461876  0.3346020E-01  0.1796832E+00    54  0.3452214D-11
  7   30.01   0.5237306  0.3878217E-01  0.1550579E+00    48  -.3354652D-12
  8   34.45   0.6012799  0.4387091E-01  0.1370903E+00    58  0.3080321D-11
  9   38.89   0.6788335  0.4869581E-01  0.1235181E+00    46  -.3081849D-11
 10   43.34   0.7563900  0.5322785E-01  0.1130083E+00    53  0.2184451D-13
 11   47.78   0.8339486  0.5743977E-01  0.1047265E+00    52  -.2862402D-11
 12   52.23   0.9115087  0.6130624E-01  0.9812488E-01    45  0.2639778D-11
 13   56.67   0.9890700  0.6480401E-01  0.9283100E-01    51  -.1840379D-11
 14   61.11   1.0666321  0.6791205E-01  0.8858427E-01    49  0.7109118D-12
 15   65.56   1.1441949  0.7061165E-01  0.8519881E-01    54  -.5138006D-12
 16   70.00   1.2217582  0.7288658E-01  0.8254052E-01    55  0.1759687D-11
 17   74.45   1.2993219  0.7472317E-01  0.8051247E-01    47  -.6721753D-12
 18   78.89   1.3768858  0.7611036E-01  0.7904551E-01    53  0.1067468D-11
 19   83.33   1.4544499  0.7703982E-01  0.7809215E-01    57  -.4715298D-12
 20   87.78   1.5320142  0.7750595E-01  0.7762264E-01    49  0.1109227D-11
 IWRITE=           3
0 I   COLAT   COLRAD     WGT            WGTCS          ITER  RES
  1    3.40   0.0593769  0.4521277E-02  0.1283916E+01    51  -.1057012D-10
  2    7.81   0.1362948  0.1049828E-01  0.5686576E+00    50  0.1501483D-11
  3   12.24   0.2136669  0.1642106E-01  0.3652128E+00    56  -.2592670D-11
  4   16.68   0.2911416  0.2224585E-01  0.2699891E+00    53  0.3317482D-11
  5   21.12   0.3686552  0.2793701E-01  0.2151313E+00    51  -.4207428D-11
  6   25.56   0.4461876  0.3346020E-01  0.1796832E+00    54  0.3452214D-11
  7   30.01   0.5237306  0.3878217E-01  0.1550579E+00    48  -.3354652D-12
  8   34.45   0.6012799  0.4387091E-01  0.1370903E+00    58  0.3080321D-11
  9   38.89   0.6788335  0.4869581E-01  0.1235181E+00    46  -.3081849D-11
 10   43.34   0.7563900  0.5322785E-01  0.1130083E+00    53  0.2184451D-13
 11   47.78   0.8339486  0.5743977E-01  0.1047265E+00    52  -.2862402D-11
 12   52.23   0.9115087  0.6130624E-01  0.9812488E-01    45  0.2639778D-11
 13   56.67   0.9890700  0.6480401E-01  0.9283100E-01    51  -.1840379D-11
 14   61.11   1.0666321  0.6791205E-01  0.8858427E-01    49  0.7109118D-12
 15   65.56   1.1441949  0.7061165E-01  0.8519881E-01    54  -.5138006D-12
 16   70.00   1.2217582  0.7288658E-01  0.8254052E-01    55  0.1759687D-11
 17   74.45   1.2993219  0.7472317E-01  0.8051247E-01    47  -.6721753D-12
 18   78.89   1.3768858  0.7611036E-01  0.7904551E-01    53  0.1067468D-11
 19   83.33   1.4544499  0.7703982E-01  0.7809215E-01    57  -.4715298D-12
 20   87.78   1.5320142  0.7750595E-01  0.7762264E-01    49  0.1109227D-11
 IWRITE=           4
0 I   COLAT   COLRAD     WGT            WGTCS          ITER  RES
  1    3.40   0.0593769  0.4521277E-02  0.1283916E+01    51  -.1057012D-10
  2    7.81   0.1362948  0.1049828E-01  0.5686576E+00    50  0.1501483D-11
  3   12.24   0.2136669  0.1642106E-01  0.3652128E+00    56  -.2592670D-11
  4   16.68   0.2911416  0.2224585E-01  0.2699891E+00    53  0.3317482D-11
  5   21.12   0.3686552  0.2793701E-01  0.2151313E+00    51  -.4207428D-11
  6   25.56   0.4461876  0.3346020E-01  0.1796832E+00    54  0.3452214D-11
  7   30.01   0.5237306  0.3878217E-01  0.1550579E+00    48  -.3354652D-12
  8   34.45   0.6012799  0.4387091E-01  0.1370903E+00    58  0.3080321D-11
  9   38.89   0.6788335  0.4869581E-01  0.1235181E+00    46  -.3081849D-11
 10   43.34   0.7563900  0.5322785E-01  0.1130083E+00    53  0.2184451D-13
 11   47.78   0.8339486  0.5743977E-01  0.1047265E+00    52  -.2862402D-11
 12   52.23   0.9115087  0.6130624E-01  0.9812488E-01    45  0.2639778D-11
 13   56.67   0.9890700  0.6480401E-01  0.9283100E-01    51  -.1840379D-11
 14   61.11   1.0666321  0.6791205E-01  0.8858427E-01    49  0.7109118D-12
 15   65.56   1.1441949  0.7061165E-01  0.8519881E-01    54  -.5138006D-12
 16   70.00   1.2217582  0.7288658E-01  0.8254052E-01    55  0.1759687D-11
 17   74.45   1.2993219  0.7472317E-01  0.8051247E-01    47  -.6721753D-12
 18   78.89   1.3768858  0.7611036E-01  0.7904551E-01    53  0.1067468D-11
 19   83.33   1.4544499  0.7703982E-01  0.7809215E-01    57  -.4715298D-12
 20   87.78   1.5320142  0.7750595E-01  0.7762264E-01    49  0.1109227D-11
 IWRITE=           5
0 I   COLAT   COLRAD     WGT            WGTCS          ITER  RES
  1    3.40   0.0593769  0.4521277E-02  0.1283916E+01    51  -.1057012D-10
  2    7.81   0.1362948  0.1049828E-01  0.5686576E+00    50  0.1501483D-11
  3   12.24   0.2136669  0.1642106E-01  0.3652128E+00    56  -.2592670D-11
  4   16.68   0.2911416  0.2224585E-01  0.2699891E+00    53  0.3317482D-11
  5   21.12   0.3686552  0.2793701E-01  0.2151313E+00    51  -.4207428D-11
  6   25.56   0.4461876  0.3346020E-01  0.1796832E+00    54  0.3452214D-11
  7   30.01   0.5237306  0.3878217E-01  0.1550579E+00    48  -.3354652D-12
  8   34.45   0.6012799  0.4387091E-01  0.1370903E+00    58  0.3080321D-11
  9   38.89   0.6788335  0.4869581E-01  0.1235181E+00    46  -.3081849D-11
 10   43.34   0.7563900  0.5322785E-01  0.1130083E+00    53  0.2184451D-13
 11   47.78   0.8339486  0.5743977E-01  0.1047265E+00    52  -.2862402D-11
 12   52.23   0.9115087  0.6130624E-01  0.9812488E-01    45  0.2639778D-11
 13   56.67   0.9890700  0.6480401E-01  0.9283100E-01    51  -.1840379D-11
 14   61.11   1.0666321  0.6791205E-01  0.8858427E-01    49  0.7109118D-12
 15   65.56   1.1441949  0.7061165E-01  0.8519881E-01    54  -.5138006D-12
 16   70.00   1.2217582  0.7288658E-01  0.8254052E-01    55  0.1759687D-11
 17   74.45   1.2993219  0.7472317E-01  0.8051247E-01    47  -.6721753D-12
 18   78.89   1.3768858  0.7611036E-01  0.7904551E-01    53  0.1067468D-11
 19   83.33   1.4544499  0.7703982E-01  0.7809215E-01    57  -.4715298D-12
 20   87.78   1.5320142  0.7750595E-01  0.7762264E-01    49  0.1109227D-11
 IWRITE=           6
0 I   COLAT   COLRAD     WGT            WGTCS          ITER  RES
  1    3.40   0.0593769  0.4521277E-02  0.1283916E+01    51  -.1057012D-10
  2    7.81   0.1362948  0.1049828E-01  0.5686576E+00    50  0.1501483D-11
  3   12.24   0.2136669  0.1642106E-01  0.3652128E+00    56  -.2592670D-11
  4   16.68   0.2911416  0.2224585E-01  0.2699891E+00    53  0.3317482D-11
  5   21.12   0.3686552  0.2793701E-01  0.2151313E+00    51  -.4207428D-11
  6   25.56   0.4461876  0.3346020E-01  0.1796832E+00    54  0.3452214D-11
  7   30.01   0.5237306  0.3878217E-01  0.1550579E+00    48  -.3354652D-12
  8   34.45   0.6012799  0.4387091E-01  0.1370903E+00    58  0.3080321D-11
  9   38.89   0.6788335  0.4869581E-01  0.1235181E+00    46  -.3081849D-11
 10   43.34   0.7563900  0.5322785E-01  0.1130083E+00    53  0.2184451D-13
 11   47.78   0.8339486  0.5743977E-01  0.1047265E+00    52  -.2862402D-11
 12   52.23   0.9115087  0.6130624E-01  0.9812488E-01    45  0.2639778D-11
 13   56.67   0.9890700  0.6480401E-01  0.9283100E-01    51  -.1840379D-11
 14   61.11   1.0666321  0.6791205E-01  0.8858427E-01    49  0.7109118D-12
 15   65.56   1.1441949  0.7061165E-01  0.8519881E-01    54  -.5138006D-12
 16   70.00   1.2217582  0.7288658E-01  0.8254052E-01    55  0.1759687D-11
 17   74.45   1.2993219  0.7472317E-01  0.8051247E-01    47  -.6721753D-12
 18   78.89   1.3768858  0.7611036E-01  0.7904551E-01    53  0.1067468D-11
 19   83.33   1.4544499  0.7703982E-01  0.7809215E-01    57  -.4715298D-12
 20   87.78   1.5320142  0.7750595E-01  0.7762264E-01    49  0.1109227D-11
 IWRITE=           7
0 I   COLAT   COLRAD     WGT            WGTCS          ITER  RES
  1    3.40   0.0593769  0.4521277E-02  0.1283916E+01    51  -.1057012D-10
  2    7.81   0.1362948  0.1049828E-01  0.5686576E+00    50  0.1501483D-11
  3   12.24   0.2136669  0.1642106E-01  0.3652128E+00    56  -.2592670D-11
  4   16.68   0.2911416  0.2224585E-01  0.2699891E+00    53  0.3317482D-11
  5   21.12   0.3686552  0.2793701E-01  0.2151313E+00    51  -.4207428D-11
  6   25.56   0.4461876  0.3346020E-01  0.1796832E+00    54  0.3452214D-11
  7   30.01   0.5237306  0.3878217E-01  0.1550579E+00    48  -.3354652D-12
  8   34.45   0.6012799  0.4387091E-01  0.1370903E+00    58  0.3080321D-11
  9   38.89   0.6788335  0.4869581E-01  0.1235181E+00    46  -.3081849D-11
 10   43.34   0.7563900  0.5322785E-01  0.1130083E+00    53  0.2184451D-13
 11   47.78   0.8339486  0.5743977E-01  0.1047265E+00    52  -.2862402D-11
 12   52.23   0.9115087  0.6130624E-01  0.9812488E-01    45  0.2639778D-11
 13   56.67   0.9890700  0.6480401E-01  0.9283100E-01    51  -.1840379D-11
 14   61.11   1.0666321  0.6791205E-01  0.8858427E-01    49  0.7109118D-12
 15   65.56   1.1441949  0.7061165E-01  0.8519881E-01    54  -.5138006D-12
 16   70.00   1.2217582  0.7288658E-01  0.8254052E-01    55  0.1759687D-11
 17   74.45   1.2993219  0.7472317E-01  0.8051247E-01    47  -.6721753D-12
 18   78.89   1.3768858  0.7611036E-01  0.7904551E-01    53  0.1067468D-11
 19   83.33   1.4544499  0.7703982E-01  0.7809215E-01    57  -.4715298D-12
 20   87.78   1.5320142  0.7750595E-01  0.7762264E-01    49  0.1109227D-11
 IWRITE=           8
0 I   COLAT   COLRAD     WGT            WGTCS          ITER  RES
  1    3.40   0.0593769  0.4521277E-02  0.1283916E+01    51  -.1057012D-10
  2    7.81   0.1362948  0.1049828E-01  0.5686576E+00    50  0.1501483D-11
  3   12.24   0.2136669  0.1642106E-01  0.3652128E+00    56  -.2592670D-11
  4   16.68   0.2911416  0.2224585E-01  0.2699891E+00    53  0.3317482D-11
  5   21.12   0.3686552  0.2793701E-01  0.2151313E+00    51  -.4207428D-11
  6   25.56   0.4461876  0.3346020E-01  0.1796832E+00    54  0.3452214D-11
  7   30.01   0.5237306  0.3878217E-01  0.1550579E+00    48  -.3354652D-12
  8   34.45   0.6012799  0.4387091E-01  0.1370903E+00    58  0.3080321D-11
  9   38.89   0.6788335  0.4869581E-01  0.1235181E+00    46  -.3081849D-11
 10   43.34   0.7563900  0.5322785E-01  0.1130083E+00    53  0.2184451D-13
 11   47.78   0.8339486  0.5743977E-01  0.1047265E+00    52  -.2862402D-11
 12   52.23   0.9115087  0.6130624E-01  0.9812488E-01    45  0.2639778D-11
 13   56.67   0.9890700  0.6480401E-01  0.9283100E-01    51  -.1840379D-11
 14   61.11   1.0666321  0.6791205E-01  0.8858427E-01    49  0.7109118D-12
 15   65.56   1.1441949  0.7061165E-01  0.8519881E-01    54  -.5138006D-12
 16   70.00   1.2217582  0.7288658E-01  0.8254052E-01    55  0.1759687D-11
 17   74.45   1.2993219  0.7472317E-01  0.8051247E-01    47  -.6721753D-12
 18   78.89   1.3768858  0.7611036E-01  0.7904551E-01    53  0.1067468D-11
 19   83.33   1.4544499  0.7703982E-01  0.7809215E-01    57  -.4715298D-12
 20   87.78   1.5320142  0.7750595E-01  0.7762264E-01    49  0.1109227D-11
 IWRITE=           9
0 I   COLAT   COLRAD     WGT            WGTCS          ITER  RES
  1    3.40   0.0593769  0.4521277E-02  0.1283916E+01    51  -.1057012D-10
  2    7.81   0.1362948  0.1049828E-01  0.5686576E+00    50  0.1501483D-11
  3   12.24   0.2136669  0.1642106E-01  0.3652128E+00    56  -.2592670D-11
  4   16.68   0.2911416  0.2224585E-01  0.2699891E+00    53  0.3317482D-11
  5   21.12   0.3686552  0.2793701E-01  0.2151313E+00    51  -.4207428D-11
  6   25.56   0.4461876  0.3346020E-01  0.1796832E+00    54  0.3452214D-11
  7   30.01   0.5237306  0.3878217E-01  0.1550579E+00    48  -.3354652D-12
  8   34.45   0.6012799  0.4387091E-01  0.1370903E+00    58  0.3080321D-11
  9   38.89   0.6788335  0.4869581E-01  0.1235181E+00    46  -.3081849D-11
 10   43.34   0.7563900  0.5322785E-01  0.1130083E+00    53  0.2184451D-13
 11   47.78   0.8339486  0.5743977E-01  0.1047265E+00    52  -.2862402D-11
 12   52.23   0.9115087  0.6130624E-01  0.9812488E-01    45  0.2639778D-11
 13   56.67   0.9890700  0.6480401E-01  0.9283100E-01    51  -.1840379D-11
 14   61.11   1.0666321  0.6791205E-01  0.8858427E-01    49  0.7109118D-12
 15   65.56   1.1441949  0.7061165E-01  0.8519881E-01    54  -.5138006D-12
 16   70.00   1.2217582  0.7288658E-01  0.8254052E-01    55  0.1759687D-11
 17   74.45   1.2993219  0.7472317E-01  0.8051247E-01    47  -.6721753D-12
 18   78.89   1.3768858  0.7611036E-01  0.7904551E-01    53  0.1067468D-11
 19   83.33   1.4544499  0.7703982E-01  0.7809215E-01    57  -.4715298D-12
 20   87.78   1.5320142  0.7750595E-01  0.7762264E-01    49  0.1109227D-11
 IWRITE=          10
 iwrite=           1
 level=           1
 iwrite=           2
 level=           2
 iwrite=           3
 level=           3
 iwrite=           4
 level=           4
 iwrite=           5
 level=           5
 iwrite=           6
 level=           6
 iwrite=           7
 level=           7
 iwrite=           8
 level=           8
 iwrite=           9
 level=           9
 iwrite=          10
 level=          10
 level=           1
 level=           2
 level=           3
 level=           4
 level=           5
 level=           6
 level=           7
 level=           8
 level=           9
 level=          10
 level=           1
 level=           2
 level=           3
 level=           4
 level=           5
 level=           6
 level=           7
 level=           8
 level=           9
 level=          10
 level=           1
 hidea=  ( 4.36113368E-10,  0.0000000    )
 level=           2
 hidea=  ( 1.26565780E-09,  0.0000000    )
 level=           3
 hidea=  ( 1.97129779E-09,  0.0000000    )
 level=           4
 hidea=  ( 2.48397569E-09,  0.0000000    )
 level=           5
 hidea=  ( 2.75349876E-09,  0.0000000    )
 level=           6
 hidea=  ( 2.75347389E-09,  0.0000000    )
 level=           7
 hidea=  ( 2.48394727E-09,  0.0000000    )
 level=           8
 hidea=  ( 1.97125161E-09,  0.0000000    )
 level=           9
 hidea=  ( 1.26564892E-09,  0.0000000    )
 level=          10
 hidea=  ( 4.36109815E-10,  0.0000000    )
 level=           1
 level=           2
 level=           3
 level=           4
 level=           5
 level=           6
 level=           7
 level=           8
 level=           9
 level=          10
 level=           1
 level=           2
 level=           3
 level=           4
 level=           5
 level=           6
 level=           7
 level=           8
 level=           9
 level=          10
