 -89.2766
 -88.3398
 -87.3973
 -86.4535
 -85.5093
 -84.5649
 -83.6203
 -82.6756
 -81.7309
 -80.7862
 -79.8414
 -78.8966
 -77.9518
 -77.0070
 -76.0622
 -75.1174
 -74.1725
 -73.2277
 -72.2829
 -71.3380
 -70.3931
 -69.4483
 -68.5034
 -67.5586
 -66.6137
 -65.6689
 -64.7240
 -63.7791
 -62.8343
 -61.8894
 -60.9445
 -59.9997
 -59.0548
 -58.1099
 -57.1650
 -56.2202
 -55.2753
 -54.3304
 -53.3856
 -52.4407
 -51.4958
 -50.5509
 -49.6061
 -48.6612
 -47.7163
 -46.7714
 -45.8266
 -44.8817
 -43.9368
 -42.9919
 -42.0471
 -41.1022
 -40.1573
 -39.2124
 -38.2676
 -37.3227
 -36.3778
 -35.4329
 -34.4881
 -33.5432
 -32.5983
 -31.6534
 -30.7085
 -29.7637
 -28.8188
 -27.8739
 -26.9290
 -25.9842
 -25.0393
 -24.0944
 -23.1495
 -22.2046
 -21.2598
 -20.3149
 -19.3700
 -18.4251
 -17.4803
 -16.5354
 -15.5905
 -14.6456
 -13.7007
 -12.7559
 -11.8110
 -10.8661
  -9.9212
  -8.9763
  -8.0315
  -7.0866
  -6.1417
  -5.1968
  -4.2520
  -3.3071
  -2.3622
  -1.4173
  -0.4724
   0.4724
   1.4173
   2.3622
   3.3071
   4.2520
   5.1968
   6.1417
   7.0866
   8.0315
   8.9763
   9.9212
  10.8661
  11.8110
  12.7559
  13.7007
  14.6456
  15.5905
  16.5354
  17.4803
  18.4251
  19.3700
  20.3149
  21.2598
  22.2046
  23.1495
  24.0944
  25.0393
  25.9842
  26.9290
  27.8739
  28.8188
  29.7637
  30.7085
  31.6534
  32.5983
  33.5432
  34.4881
  35.4329
  36.3778
  37.3227
  38.2676
  39.2124
  40.1573
  41.1022
  42.0471
  42.9919
  43.9368
  44.8817
  45.8266
  46.7714
  47.7163
  48.6612
  49.6061
  50.5509
  51.4958
  52.4407
  53.3856
  54.3304
  55.2753
  56.2202
  57.1650
  58.1099
  59.0548
  59.9997
  60.9445
  61.8894
  62.8343
  63.7791
  64.7240
  65.6689
  66.6137
  67.5586
  68.5034
  69.4483
  70.3931
  71.3380
  72.2829
  73.2277
  74.1725
  75.1174
  76.0622
  77.0070
  77.9518
  78.8966
  79.8414
  80.7862
  81.7309
  82.6756
  83.6203
  84.5649
  85.5093
  86.4535
  87.3973
  88.3398
  89.2766
