0 I   COLAT   COLRAD     WGT            WGTCS          ITER  RES
  1    3.40   0.0593769  0.4521277E-02  0.1283916E+01    51  -.1057012D-10
  2    7.81   0.1362948  0.1049828E-01  0.5686576E+00    50  0.1491854D-11
  3   12.24   0.2136669  0.1642106E-01  0.3652128E+00    56  -.2587014D-11
  4   16.68   0.2911416  0.2224585E-01  0.2699891E+00    53  0.3317482D-11
  5   21.12   0.3686552  0.2793701E-01  0.2151313E+00    51  -.4207428D-11
  6   25.56   0.4461876  0.3346020E-01  0.1796832E+00    54  0.3450227D-11
  7   30.01   0.5237306  0.3878217E-01  0.1550579E+00    48  -.3339195D-12
  8   34.45   0.6012799  0.4387091E-01  0.1370903E+00    58  0.3080321D-11
  9   38.89   0.6788335  0.4869581E-01  0.1235181E+00    46  -.3081849D-11
 10   43.34   0.7563900  0.5322785E-01  0.1130083E+00    53  0.2184451D-13
 11   47.78   0.8339486  0.5743977E-01  0.1047265E+00    52  -.2862402D-11
 12   52.23   0.9115087  0.6130624E-01  0.9812488E-01    45  0.2639778D-11
 13   56.67   0.9890700  0.6480401E-01  0.9283100E-01    51  -.1839752D-11
 14   61.11   1.0666321  0.6791205E-01  0.8858427E-01    49  0.7109118D-12
 15   65.56   1.1441949  0.7061165E-01  0.8519881E-01    54  -.5138006D-12
 16   70.00   1.2217582  0.7288658E-01  0.8254052E-01    55  0.1759985D-11
 17   74.45   1.2993219  0.7472317E-01  0.8051247E-01    47  -.6721753D-12
 18   78.89   1.3768858  0.7611036E-01  0.7904551E-01    53  0.1067468D-11
 19   83.33   1.4544499  0.7703982E-01  0.7809215E-01    57  -.4716278D-12
 20   87.78   1.5320142  0.7750595E-01  0.7762264E-01    49  0.1109227D-11
  before call GENPNME
