 MEAN ACC=                                0.19  0.28  0.23  0.23  0.12
 MEAN RMS=                                1.02  1.04  1.23  1.23  1.31

         eps=   0.00
          CV= 3
         rhs=  0
      delmdl=  1
 mean and stdv of weights
 CCA
  0.035  0.086  0.320  0.295  0.434  0.420  0.393  0.414  0.367  0.385
  0.308  0.377  0.420  0.457  0.309  0.375  0.375  0.319  0.325  0.263
  0.182  0.516  0.528  0.410  0.458  0.373  0.321  0.278  0.337  0.292
  0.126  0.036  0.355  0.298  0.247  0.266  0.061  0.304  0.314  0.233
  0.357  0.329  0.176  0.149  0.055  0.106  0.242  0.009  0.000  0.220
  0.210  0.207  0.155  0.071  0.166  0.372  0.206  0.244  0.204  0.121
  0.120  0.079  0.084  0.316  0.267  0.240  0.272  0.192  0.261  0.197
  0.089  0.330  0.121  0.165  0.412  0.409  0.002  0.208  0.183  0.266
  0.404  0.406  0.001  0.012  0.000  0.001  0.009  0.019  0.075  0.001
  0.009  0.035  0.007  0.012  0.057  0.066  0.059  0.050  0.318  0.573
  0.519  0.490
  0.073  0.091  0.093  0.092  0.109  0.132  0.114  0.102  0.114  0.102
  0.107  0.106  0.094  0.089  0.108  0.087  0.093  0.082  0.090  0.086
  0.082  0.108  0.136  0.150  0.128  0.159  0.119  0.131  0.120  0.089
  0.101  0.045  0.143  0.143  0.094  0.127  0.117  0.116  0.114  0.123
  0.166  0.143  0.137  0.135  0.074  0.226  0.493  0.033  0.000  0.111
  0.096  0.084  0.157  0.125  0.327  0.093  0.102  0.119  0.154  0.221
  0.204  0.156  0.097  0.646  0.539  0.099  0.097  0.073  0.095  0.121
  0.130  0.095  0.090  0.122  0.104  0.104  0.008  0.061  0.059  0.067
  0.079  0.080  0.003  0.030  0.000  0.004  0.036  0.052  0.101  0.006
  0.024  0.072  0.019  0.041  0.127  0.103  0.047  0.088  0.652  1.155
  1.057  0.992
 mean weight=  0.230838776  std=  0.147439688  s/m=  0.638712823
 CFS
  0.014  0.079  0.020  0.000  0.011  0.049  0.000  0.030  0.024  0.000
  0.054  0.009  0.010  0.124  0.084  0.069  0.086  0.200  0.309  0.349
  0.488  0.195  0.144  0.163  0.196  0.191  0.130  0.192  0.169  0.237
  0.403  0.455  0.108  0.191  0.228  0.157  0.345  0.015  0.000  0.040
  0.120  0.073  0.083  0.147  0.254  0.353  0.502  0.187  0.178  0.007
  0.004  0.018  0.198  0.385  0.512  0.043  0.038  0.098  0.083  0.317
  0.341  0.309  0.342  0.486  0.416  0.034  0.051  0.017  0.063  0.113
  0.258  0.499  0.542  0.374  0.368  0.344  0.522  0.603  0.582  0.573
  0.359  0.347  0.336  0.156  0.315  0.221  0.283  0.248  0.322  0.228
  0.059  0.009  0.025  0.294  0.310  0.287  0.236  0.040  0.497  0.680
  0.620  0.632
  0.023  0.066  0.059  0.000  0.042  0.098  0.000  0.082  0.062  0.000
  0.038  0.026  0.029  0.088  0.088  0.077  0.068  0.091  0.104  0.105
  0.106  0.090  0.113  0.091  0.071  0.075  0.067  0.060  0.061  0.081
  0.095  0.057  0.060  0.065  0.084  0.092  0.084  0.042  0.000  0.048
  0.061  0.072  0.102  0.126  0.107  0.109  0.102  0.148  0.237  0.019
  0.014  0.065  0.166  0.141  0.146  0.085  0.060  0.127  0.146  0.223
  0.191  0.168  0.134  0.172  0.106  0.057  0.054  0.023  0.077  0.143
  0.172  0.094  0.059  0.123  0.097  0.076  0.072  0.050  0.056  0.068
  0.064  0.064  0.105  0.050  0.098  0.353  0.089  0.069  0.071  0.287
  0.060  0.022  0.045  0.084  0.078  0.083  0.072  0.109  0.102  0.133
  0.127  0.127
 mean weight=  0.220662266  std=  0.0895438343  s/m=  0.405795872
 SMLR
  0.249  0.239  0.000  0.004  0.115  0.057  0.028  0.024  0.040  0.053
  0.170  0.071  0.059  0.191  0.044  0.000  0.023  0.000  0.037  0.018
  0.019  0.175  0.149  0.094  0.090  0.131  0.032  0.062  0.053  0.010
  0.043  0.004  0.013  0.025  0.073  0.061  0.123  0.091  0.082  0.119
  0.071  0.066  0.139  0.101  0.045  0.146  0.213  0.278  0.025  0.231
  0.153  0.079  0.050  0.048  0.156  0.158  0.392  0.265  0.114  0.280
  0.110  0.247  0.101  0.391  0.407  0.321  0.120  0.030  0.274  0.451
  0.338  0.124  0.101  0.130  0.042  0.046  0.038  0.060  0.048  0.045
  0.090  0.112  0.103  0.418  0.129  0.002  0.055  0.005  0.067  0.274
  0.096  0.022  0.002  0.000  0.381  0.220  0.154  0.518  0.424  0.565
  0.467  0.434
  0.086  0.073  0.000  0.024  0.259  0.127  0.084  0.074  0.065  0.070
  0.096  0.098  0.095  0.390  0.149  0.000  0.071  0.000  0.086  0.051
  0.053  0.362  0.304  0.082  0.200  0.310  0.108  0.132  0.124  0.030
  0.077  0.013  0.045  0.069  0.170  0.098  0.077  0.074  0.112  0.112
  0.074  0.117  0.097  0.102  0.074  0.064  0.076  0.085  0.047  0.086
  0.098  0.097  0.094  0.089  0.091  0.066  0.066  0.081  0.092  0.099
  0.125  0.116  0.115  0.101  0.072  0.088  0.081  0.062  0.061  0.061
  0.092  0.252  0.076  0.087  0.077  0.069  0.066  0.112  0.105  0.066
  0.065  0.067  0.071  0.056  0.058  0.012  0.077  0.013  0.049  0.040
  0.068  0.035  0.007  0.000  0.084  0.068  0.052  0.060  0.090  0.095
  0.100  0.099
 mean weight=  0.135673419  std=  0.0910925865  s/m=  0.671410739

 Temporal AC SKILL
 consolidated
 -0.01 -0.09  0.18  0.25  0.37  0.18  0.30  0.27  0.12  0.21
  0.09  0.18  0.24  0.26  0.22  0.24  0.28  0.24  0.33  0.29
  0.36  0.40  0.28  0.15  0.38  0.39  0.25  0.19  0.23  0.24
  0.14  0.30  0.18  0.15  0.14  0.01  0.07  0.03  0.05 -0.06
  0.11  0.03 -0.04 -0.15 -0.10  0.18  0.30  0.06 -0.16  0.02
 -0.06 -0.10 -0.23 -0.03  0.09  0.25  0.26  0.09 -0.19 -0.16
 -0.31 -0.03 -0.01  0.06  0.19  0.27  0.15  0.06  0.25  0.31
  0.06  0.43  0.50  0.21  0.47  0.50  0.33  0.51  0.46  0.40
  0.45  0.44  0.05  0.28  0.01 -0.14  0.00 -0.03  0.05  0.17
 -0.32 -0.46 -0.42  0.09  0.35  0.24  0.12  0.31  0.46  0.44
  0.47  0.37
 simple ensemble avg
  0.20  0.25 -0.01  0.03  0.11  0.19  0.05  0.11  0.17  0.23
  0.33  0.26  0.23  0.30  0.14  0.16  0.21  0.24  0.35  0.33
  0.36  0.28  0.25  0.34  0.28  0.21  0.19  0.22  0.23  0.25
  0.28  0.19  0.18  0.21  0.24  0.30  0.26  0.21  0.17  0.22
  0.35  0.25  0.25  0.25  0.21  0.24  0.28  0.12 -0.05  0.27
  0.20  0.18  0.18  0.26  0.36  0.34  0.42  0.39  0.21  0.37
  0.25  0.40  0.36  0.37  0.43  0.43  0.33  0.09  0.45  0.54
  0.45  0.50  0.55  0.43  0.57  0.59  0.25  0.51  0.37  0.43
  0.55  0.56  0.17  0.28  0.05 -0.13  0.14  0.10  0.30  0.12
  0.07  0.00 -0.06  0.06  0.43  0.42  0.31  0.46  0.33  0.41
  0.36  0.42
 CCA
  0.03  0.12  0.30  0.28  0.36  0.37  0.37  0.38  0.34  0.37
  0.34  0.37  0.39  0.34  0.31  0.39  0.41  0.40  0.45  0.37
  0.27  0.41  0.42  0.39  0.41  0.34  0.33  0.29  0.34  0.35
  0.19  0.02  0.34  0.29  0.26  0.28  0.11  0.30  0.30  0.26
  0.36  0.31  0.24  0.21  0.15  0.02  0.09 -0.12 -0.19  0.26
  0.23  0.21  0.19  0.24  0.24  0.41  0.35  0.35  0.23  0.25
  0.20  0.27  0.28  0.20  0.30  0.39  0.34  0.20  0.41  0.40
  0.33  0.43  0.30  0.29  0.55  0.56 -0.12  0.27  0.13  0.15
  0.45  0.47 -0.20 -0.07 -0.30 -0.19 -0.12 -0.14  0.00 -0.13
 -0.14 -0.02 -0.06 -0.03  0.18  0.21  0.17  0.27  0.07  0.19
  0.18  0.20
 CFS
  0.12  0.14 -0.03 -0.07 -0.06  0.00 -0.12 -0.05 -0.05 -0.01
  0.04 -0.03 -0.03  0.27  0.17  0.18  0.23  0.32  0.42  0.42
  0.51  0.20  0.09  0.12  0.23  0.24  0.24  0.28  0.25  0.34
  0.44  0.43  0.19  0.25  0.31  0.24  0.37 -0.04 -0.08  0.05
  0.13  0.15  0.15  0.22  0.30  0.36  0.38  0.06  0.10 -0.02
 -0.01  0.03  0.22  0.38  0.45  0.04  0.09  0.18  0.10  0.32
  0.30  0.39  0.44  0.39  0.41  0.15  0.12 -0.04  0.25  0.34
  0.35  0.52  0.61  0.46  0.52  0.52  0.52  0.62  0.55  0.51
  0.42  0.43  0.35  0.16  0.28  0.06  0.28  0.27  0.35  0.07
  0.12 -0.02  0.03  0.33  0.36  0.38  0.29  0.06  0.33  0.42
  0.40  0.45
 SMLR
  0.21  0.19 -0.28 -0.15 -0.10 -0.03 -0.16 -0.14  0.01  0.04
  0.22  0.21  0.10  0.09 -0.12 -0.21 -0.16 -0.22 -0.10 -0.10
 -0.06 -0.03  0.00  0.13 -0.07 -0.09 -0.13 -0.07 -0.09 -0.15
  0.00 -0.12 -0.14 -0.09 -0.03  0.16  0.11  0.10  0.08  0.14
  0.25  0.10  0.19  0.15  0.02  0.16  0.17  0.28  0.01  0.25
  0.16  0.09 -0.01 -0.04  0.15  0.26  0.44  0.34  0.14  0.29
  0.08  0.36  0.20  0.32  0.40  0.43  0.27  0.04  0.40  0.52
  0.38  0.23  0.43  0.16  0.31  0.40  0.05  0.18  0.04  0.21
  0.30  0.33  0.16  0.42  0.11 -0.06  0.09  0.01  0.14  0.25
  0.15  0.04 -0.09 -0.16  0.41  0.34  0.21  0.50  0.33  0.38
  0.32  0.42

 RMS SKILL
 consolidated
  0.97  1.02  0.98  0.95  0.92  1.04  0.95  0.99  1.06  1.01
  1.07  1.04  1.01  0.94  0.97  0.97  0.95  0.98  0.96  0.99
  0.97  0.89  0.99  1.07  0.92  0.89  0.97  1.00  0.99  0.99
  1.05  0.96  1.03  1.05  1.02  1.10  1.06  1.08  1.07  1.15
  1.10  1.13  1.14  1.17  1.06  1.00  0.97  1.04  1.02  1.09
  1.12  1.06  1.18  1.06  1.06  1.02  1.02  1.11  1.26  1.27
  1.22  1.11  1.10  1.11  0.99  1.01  1.04  1.01  1.02  1.02
  1.12  0.94  0.88  1.03  0.91  0.88  0.99  0.90  0.90  0.95
  0.92  0.93  1.08  0.98  1.08  1.03  1.07  1.03  1.04  1.01
  1.05  1.07  1.02  1.01  0.97  0.99  1.03  0.97  0.89  0.90
  0.88  0.95
 simple ensemble avg
  1.01  0.99  1.13  1.16  1.09  1.04  1.12  1.09  1.05  1.01
  0.98  1.06  1.05  1.05  1.20  1.15  1.09  1.07  1.00  1.02
  0.98  1.02  1.03  0.96  1.02  1.11  1.13  1.09  1.08  1.05
  1.05  1.06  1.09  1.08  1.08  1.04  1.08  1.03  1.06  1.05
  0.97  1.04  1.06  1.07  1.09  1.10  1.07  1.09  1.14  1.01
  1.07  1.04  1.09  1.02  1.01  1.00  0.94  0.97  1.09  1.00
  1.06  1.00  1.03  1.01  0.97  0.96  1.03  1.18  0.94  0.86
  0.94  0.91  0.88  0.95  0.86  0.85  1.02  0.88  0.97  0.93
  0.85  0.85  1.08  1.02  1.14  1.17  1.08  1.05  0.97  1.08
  1.10  1.12  1.18  1.19  0.95  0.97  1.04  0.89  1.03  0.98
  1.03  0.98
 CCA
  1.35  1.30  1.16  1.19  1.11  1.11  1.11  1.10  1.13  1.11
  1.14  1.12  1.09  1.13  1.17  1.09  1.07  1.08  1.05  1.11
  1.21  1.07  1.05  1.08  1.06  1.13  1.14  1.18  1.13  1.13
  1.26  1.40  1.13  1.17  1.21  1.18  1.34  1.17  1.17  1.20
  1.11  1.15  1.21  1.23  1.29  1.39  1.35  1.50  1.54  1.21
  1.23  1.23  1.23  1.19  1.21  1.09  1.13  1.14  1.23  1.20
  1.23  1.19  1.18  1.25  1.16  1.10  1.15  1.26  1.08  1.07
  1.14  1.06  1.18  1.19  0.94  0.94  1.49  1.21  1.32  1.31
  1.05  1.03  1.55  1.46  1.61  1.54  1.49  1.51  1.41  1.50
  1.50  1.43  1.44  1.43  1.28  1.25  1.29  1.20  1.36  1.25
  1.27  1.24
 CFS
  1.29  1.28  1.41  1.44  1.43  1.40  1.47  1.43  1.44  1.41
  1.38  1.43  1.43  1.19  1.28  1.26  1.23  1.15  1.07  1.07
  0.99  1.25  1.33  1.30  1.22  1.21  1.22  1.19  1.21  1.14
  1.06  1.07  1.25  1.21  1.16  1.21  1.13  1.43  1.45  1.36
  1.30  1.28  1.28  1.23  1.17  1.13  1.11  1.37  1.34  1.42
  1.41  1.37  1.21  1.08  1.03  1.38  1.34  1.27  1.33  1.15
  1.15  1.09  1.04  1.09  1.06  1.30  1.33  1.44  1.22  1.13
  1.12  0.98  0.89  1.04  0.98  0.98  0.98  0.87  0.94  0.99
  1.07  1.07  1.14  1.30  1.20  1.37  1.20  1.20  1.13  1.36
  1.32  1.43  1.38  1.16  1.13  1.11  1.20  1.36  1.15  1.06
  1.09  1.03
 SMLR
  1.22  1.25  1.57  1.49  1.46  1.41  1.50  1.50  1.39  1.37
  1.24  1.25  1.33  1.33  1.48  1.54  1.50  1.54  1.47  1.47
  1.45  1.41  1.39  1.30  1.44  1.45  1.48  1.45  1.45  1.51
  1.41  1.49  1.49  1.45  1.42  1.28  1.33  1.33  1.34  1.29
  1.21  1.32  1.24  1.28  1.38  1.29  1.29  1.20  1.41  1.21
  1.29  1.32  1.38  1.40  1.28  1.21  1.05  1.14  1.30  1.18
  1.32  1.11  1.25  1.15  1.07  1.07  1.21  1.38  1.09  0.96
  1.10  1.24  1.06  1.29  1.17  1.10  1.37  1.28  1.38  1.26
  1.18  1.16  1.30  1.08  1.33  1.46  1.35  1.40  1.30  1.22
  1.30  1.38  1.46  1.52  1.09  1.15  1.26  0.99  1.16  1.10
  1.16  1.06
