 AC score of predition
       0.26  0.32  0.35  0.35  0.35  0.36  0.37  0.38  0.41  0.41
       0.45  0.38  0.42  0.28  0.22  0.09  0.06 -0.01  0.01  0.02
      -0.04  0.29  0.31  0.33  0.27  0.26  0.24  0.14  0.11  0.12
       0.19  0.10  0.18  0.15  0.21  0.17  0.17  0.39  0.38  0.41
       0.32  0.29  0.31  0.25  0.22  0.24  0.19  0.13 -0.03  0.42
       0.42  0.36  0.34  0.36  0.28  0.43  0.46  0.43  0.40  0.38
       0.32  0.38  0.38  0.44  0.35  0.37  0.28  0.39  0.40  0.44
       0.45 -0.05  0.07  0.10 -0.24 -0.23 -0.09  0.00  0.24  0.00
      -0.23 -0.27 -0.02  0.08 -0.08 -0.21 -0.05 -0.08 -0.07  0.02
      -0.19 -0.17 -0.10  0.14  0.06  0.05  0.11  0.27  0.06  0.20
       0.09  0.20
       1.40  1.33  1.54  1.42  1.70  1.93  1.46  1.71  1.65  1.42
       1.47  1.45  1.38  1.91  2.54  2.89  2.95  2.87  3.05  2.27
       1.68  1.72  1.89  2.05  2.17  2.19  2.37  2.73  2.77  2.61
       2.08  1.89  2.32  2.45  2.13  2.15  1.77  1.78  1.75  1.70
       1.99  1.91  1.79  1.83  1.62  1.58  1.47  1.64  1.76  1.62
       1.54  1.53  1.51  1.29  1.24  1.44  1.50  1.50  1.39  1.42
       1.38  1.37  1.37  1.26  1.02  1.46  1.37  1.21  1.50  1.42
       1.37  1.69  1.60  1.53  1.08  1.03  1.96  1.53  1.84  1.39
       0.97  0.96  1.77  1.77  1.88  1.77  1.40  0.97  0.96  1.50
       0.93  0.89  0.92  1.16  1.16  0.99  1.20  0.93  1.45  1.18
       1.10  0.96
