                                                                   
                          K=1 -> 30 yrs                                    
                                                                    
m=1   -0.03 -0.11  0.06  0.03 -0.07 -0.05  0.00  0.01 -0.09 -0.16
      -0.14 -0.26 -0.26 -0.25 -0.27 -0.27 -0.20 -0.30 -0.29 -0.25
      -0.44 -0.35 -0.27 -0.23 -0.22 -0.14 -0.07 -0.03 -0.01 -0.01

m=2    0.04 -0.05 -0.09 -0.01 -0.08 -0.15 -0.13 -0.13 -0.20 -0.32
      -0.37 -0.41 -0.42 -0.52 -0.51 -0.47 -0.49 -0.46 -0.32 -0.20
      -0.16 -0.21 -0.09  0.02  0.01  0.05 -0.05  0.00 -0.18 -0.28

m=3    0.46  0.34  0.21  0.31  0.22  0.12 -0.05 -0.15 -0.30 -0.32
      -0.40 -0.41 -0.53 -0.54 -0.41 -0.38 -0.36 -0.26 -0.11 -0.16
      -0.01 -0.04 -0.02 -0.17 -0.17 -0.20 -0.21 -0.23 -0.15  0.01

m=4    0.31  0.20  0.11  0.16  0.32  0.36  0.34  0.35  0.44  0.48
       0.42  0.35  0.35  0.40  0.44  0.47  0.48  0.51  0.51  0.46
       0.40  0.34  0.40  0.47  0.50  0.53  0.49  0.51  0.48  0.42

m=5    0.09  0.04  0.03  0.13 -0.03  0.02  0.04  0.07  0.06  0.02
       0.10  0.10  0.00 -0.16 -0.12 -0.20 -0.21 -0.01  0.16  0.23
       0.31  0.38  0.39  0.39  0.40  0.34  0.33  0.38  0.33  0.34

m=6   -0.07 -0.13 -0.05 -0.01  0.05 -0.07 -0.31 -0.18 -0.16 -0.27
      -0.35 -0.25 -0.31 -0.05 -0.22  0.01 -0.01 -0.01 -0.17 -0.12
      -0.23 -0.29 -0.36 -0.46 -0.26 -0.33 -0.21 -0.06  0.20  0.25

